1     -0.0599954     -0.0598929     -0.0599991     -0.0599982              0
2      -0.119976      -0.119361      -0.119998      -0.119989              0
3      -0.179927       -0.17798      -0.179998      -0.179966              0
4      -0.239834      -0.235327      -0.239998      -0.239921              0
5      -0.299681      -0.290978      -0.300001      -0.299847              0
6      -0.359454      -0.344513      -0.360008      -0.359737              0
7      -0.419137      -0.395511      -0.420023      -0.419584              0
8      -0.478715      -0.443554      -0.480049      -0.479381              0
9      -0.538172      -0.488228      -0.540091       -0.53912              0
10      -0.597491       -0.52912      -0.600156      -0.598794              0
11      -0.656657       -0.56582      -0.660252      -0.658396              0
12      -0.715653      -0.597921      -0.720388      -0.717918              0
13      -0.774461      -0.625022      -0.780575      -0.777354              0
14      -0.833063      -0.646724      -0.840825      -0.836696              0
15      -0.891441      -0.662635      -0.901151      -0.895936              0
16      -0.949577      -0.672367      -0.961567      -0.955068              0
17       -1.00745      -0.675537       -1.02209       -1.01408              0
18       -1.06504      -0.671769       -1.08273       -1.07297              0
19       -1.12232      -0.660694       -1.14352       -1.13173              0
20       -1.17928       -0.64195       -1.20446       -1.19036              0
21       -1.23589      -0.615183       -1.26557       -1.24883              0
22       -1.29213      -0.580049       -1.32687       -1.30715              0
23       -1.34796       -0.53621       -1.38837        -1.3653              0
24       -1.40337      -0.483341       -1.45009       -1.42329              0
25       -1.45833      -0.421127       -1.51203       -1.48109              0
26       -1.51281      -0.349264       -1.57421       -1.53871              0
27       -1.56677      -0.267461       -1.63663       -1.59613              0
28       -1.62019      -0.175439       -1.69929       -1.65335              0
29       -1.67303     -0.0729355       -1.76218       -1.71035              0
30       -1.72526      0.0402997        -1.8253       -1.76714              0
31       -1.77685       0.164499       -1.88862       -1.82369              0
32       -1.82775       0.299878       -1.95212          -1.88              0
33       -1.87793       0.446634       -2.01576       -1.93606              0
34       -1.92735       0.604947        -2.0795       -1.99187              0
35       -1.97596       0.774973       -2.14328       -2.04741              0
36       -2.02373        0.95685       -2.20703       -2.10268              0
37       -2.07061        1.15069       -2.27068       -2.15766              0
38       -2.11655        1.35659       -2.33413       -2.21236              0
39       -2.16151        1.57461       -2.39727       -2.26676              0
40       -2.20544         1.8048       -2.45997       -2.32086              0
41        -2.2483        2.04715        -2.5221       -2.37466              0
42       -2.29002        2.30167       -2.58348       -2.42814              0
43       -2.33058        2.56831       -2.64395       -2.48131              0
44        -2.3699        2.84699       -2.70331       -2.53416              0
45       -2.40796         3.1376       -2.76133       -2.58669              0
46       -2.44468        3.44001       -2.81778       -2.63891              0
47       -2.48003        3.75406        -2.8724       -2.69081              0
48       -2.51395        4.07952       -2.92491       -2.74241              0
49        -2.5464        4.41618         -2.975       -2.79371              0
50       -2.57733        4.76375       -3.02236       -2.84472              0
51       -2.60669        5.12192       -3.06664       -2.89545              0
52       -2.63444        5.49035       -3.10746       -2.94592              0
53       -2.66053        5.86867       -3.14446       -2.99614              0
54       -2.68492        6.25645       -3.17722       -3.04615              0
55       -2.70757        6.65325       -3.20532       -3.09597              0
56       -2.72845        7.05857       -3.22831       -3.14562              0
57       -2.74752        7.47189       -3.24575       -3.19514              0
58       -2.76475        7.89266       -3.25716       -3.24457              0
59       -2.78012        8.32028       -3.26206       -3.29394              0
60        -2.7936        8.75413       -3.25996       -3.34331              0
61       -2.80517        9.19356       -3.25035       -3.39271              0
62       -2.81482        9.63786       -3.23272       -3.44221              0
63       -2.82254        10.0863       -3.20658       -3.49184              0
64       -2.82832        10.5382        -3.1714       -3.54167              0
65       -2.83216        10.9928       -3.12669       -3.59175              0
66       -2.83406        11.4492       -3.07194       -3.64215              0
67       -2.83403        11.9066       -3.00667       -3.69291              0
68       -2.83208        12.3642       -2.93039        -3.7441              0
69       -2.82823        12.8212       -2.84265       -3.79576              0
70       -2.82251        13.2767         -2.743       -3.84796              0
71       -2.81493        13.7297       -2.63103       -3.90074              0
72       -2.80553        14.1794       -2.50634       -3.95413              0
73       -2.79434         14.625       -2.36858       -4.00819              0
74       -2.78142        15.0654       -2.21741       -4.06292              0
75       -2.76679        15.4998       -2.05255       -4.11836              0
76       -2.75052        15.9273       -1.87373        -4.1745              0
77       -2.73265         16.347       -1.68076       -4.23133              0
78       -2.71323        16.7581       -1.47345       -4.28883              0
79       -2.69234        17.1596        -1.2517       -4.34696              0
80       -2.67002        17.5506       -1.01544       -4.40566              0
81       -2.64635        17.9304      -0.764628       -4.46486              0
82       -2.62139        18.2982      -0.499314       -4.52444              0
83       -2.59521        18.6531      -0.219577       -4.58429              0
84       -2.56788        18.9944      0.0744431       -4.64426              0
85       -2.53948        19.3214       0.382555       -4.70419              0
86       -2.51006        19.6333       0.704513       -4.76387              0
87       -2.47972        19.9296        1.04002       -4.82308              0
88       -2.44851        20.2097        1.38871       -4.88157              0
89       -2.41652        20.4728        1.75019       -4.93908              0
90        -2.3838        20.7186        2.12401       -4.99529              0
91       -2.35045        20.9466        2.50965       -5.04988              0
92       -2.31651        21.1564        2.90657       -5.10251              0
93       -2.28207        21.3476        3.31417       -5.15279              0
94       -2.24719        21.5198        3.73182       -5.20034              0
95       -2.21193        21.6729        4.15883       -5.24473              0
96       -2.17636        21.8067         4.5945       -5.28553              0
97       -2.14053         21.921        5.03807       -5.32228              0
98        -2.1045        22.0157        5.48878       -5.35453              0
99       -2.06834        22.0908        5.94583       -5.38179              0
100       -2.03208        22.1464        6.40838       -5.40358              0
101       -1.99578        22.1826         6.8756        -5.4194              0
102       -1.95948        22.1995        7.34662       -5.42878              0
103       -1.92323        22.1973        7.82058       -5.43121              0
104       -1.88707        22.1763         8.2966       -5.42622              0
105       -1.85102        22.1368        8.77379       -5.41331              0
106       -1.81514        22.0792        9.25126       -5.39203              0
107       -1.77945        22.0038        9.72814       -5.36192              0
108       -1.74396        21.9112        10.2035       -5.32254              0
109       -1.70872        21.8018        10.6766       -5.27349              0
110       -1.67374        21.6762        11.1464       -5.21438              0
111       -1.63905         21.535        11.6122       -5.14483              0
112       -1.60465        21.3787        12.0731       -5.06453              0
113       -1.57056        21.2079        12.5283       -4.97317              0
114       -1.53679        21.0235         12.977       -4.87049              0
115       -1.50335        20.8259        13.4184       -4.75627              0
116       -1.47026         20.616        13.8518        -4.6303              0
117       -1.43751        20.3944        14.2765       -4.49246              0
118        -1.4051        20.1619        14.6917       -4.34263              0
119       -1.37305        19.9191        15.0969       -4.18075              0
120       -1.34136        19.6669        15.4913        -4.0068              0
121       -1.31003        19.4059        15.8744       -3.82081              0
122       -1.27908        19.1369        16.2457       -3.62285              0
123        -1.2485        18.8607        16.6045       -3.41303              0
124        -1.2183        18.5778        16.9504       -3.19152              0
125       -1.18848        18.2892        17.2829       -2.95852              0
126       -1.15906        17.9954        17.6015       -2.71426              0
127       -1.13003        17.6971         17.906       -2.45904              0
128        -1.1014         17.395         18.196       -2.19318              0
129       -1.07318        17.0898         18.471       -1.91705              0
130       -1.04537        16.7821        18.7309       -1.63103              0
131       -1.01798        16.4724        18.9754       -1.33558              0
132      -0.991017        16.1614        19.2043       -1.03114              0
133      -0.964489        15.8497        19.4174      -0.718221              0
134      -0.938405        15.5377        19.6147      -0.397335              0
135      -0.912775         15.226        19.7959     -0.0690279              0
136      -0.887608         14.915        19.9611       0.266135              0
137      -0.862917        14.6052        20.1103       0.607571              0
138      -0.838714        14.2971        20.2434       0.954682              0
139      -0.815013        13.9909        20.3606        1.30686              0
140      -0.791828        13.6871        20.4618        1.66348              0
141      -0.769175        13.3861        20.5473        2.02391              0
142       -0.74707        13.0881        20.6172        2.38754              0
143       -0.72553        12.7935        20.6716        2.75373              0
144      -0.704572        12.5025        20.7108        3.12186              0
145      -0.684214        12.2153         20.735         3.4913              0
146      -0.664474        11.9321        20.7446        3.86144              0
147       -0.64537        11.6533        20.7397        4.23168              0
148      -0.626918        11.3788        20.7208        4.60142              0
149      -0.609135        11.1089        20.6882         4.9701              0
150      -0.592035        10.8437        20.6421        5.33714              0
151      -0.575632        10.5833        20.5831        5.70203              0
152      -0.559937        10.3279        20.5116        6.06422              0
153      -0.544958        10.0773        20.4279        6.42323              0
154      -0.530701         9.8318        20.3324        6.77858              0
155      -0.517166        9.59133        20.2257        7.12983              0
156      -0.504352        9.35592        20.1081        7.47654              0
157      -0.492252         9.1256        19.9802        7.81831              0
158      -0.480853        8.90034        19.8424        8.15478              0
159      -0.470137        8.68013        19.6952        8.48559              0
160      -0.460083        8.46495         19.539        8.81042              0
161      -0.450661        8.25474        19.3744        9.12899              0
162      -0.441835        8.04945        19.2017        9.44103              0
163      -0.433566        7.84902        19.0215        9.74629              0
164      -0.425807        7.65339        18.8343        10.0446              0
165      -0.418505        7.46247        18.6404        10.3357              0
166      -0.411603        7.27617        18.4405        10.6194              0
167       -0.40504        7.09442        18.2348        10.8957              0
168      -0.398749         6.9171        18.0239        11.1644              0
169      -0.392663        6.74412        17.8081        11.4254              0
170      -0.386709        6.57537         17.588        11.6786              0
171      -0.380814        6.41074        17.3639         11.924              0
172      -0.374908        6.25011        17.1362        12.1616              0
173      -0.368916        6.09336        16.9053        12.3913              0
174      -0.362769        5.94038        16.6716        12.6132              0
175      -0.356399        5.79105        16.4354        12.8272              0
176      -0.349742        5.64523        16.1971        13.0335              0
177       -0.34274        5.50281         15.957         13.232              0
178       -0.33534        5.36367        15.7155        13.4228              0
179      -0.327493        5.22768        15.4727        13.6059              0
180       -0.31916        5.09473        15.2291        13.7816              0
181      -0.310308        4.96469         14.985        13.9498              0
182      -0.300911        4.83746        14.7404        14.1108              0
183      -0.290954        4.71291        14.4958        14.2645              0
184      -0.280426        4.59095        14.2513        14.4111              0
185      -0.269327        4.47146        14.0073        14.5507              0
186      -0.257664        4.35436        13.7637        14.6836              0
187      -0.245452        4.23954         13.521        14.8097              0
188      -0.232712        4.12692        13.2792        14.9293              0
189      -0.219475        4.01641        13.0386        15.0424              0
190      -0.205777        3.90794        12.7993        15.1493              0
191      -0.191658        3.80144        12.5614        15.2502              0
192      -0.177169        3.69683        12.3251         15.345              0
193      -0.162361        3.59406        12.0905         15.434              0
194      -0.147291        3.49307        11.8577        15.5174              0
195      -0.132021        3.39382        11.6269        15.5953              0
196      -0.116616        3.29624        11.3981        15.6679              0
197      -0.101143         3.2003        11.1715        15.7352              0
198     -0.0856739        3.10596         10.947        15.7976              0
199       -0.07028        3.01317        10.7249         15.855              0
200     -0.0550354        2.92191        10.5051        15.9077              0
201      -0.040015        2.83214        10.2878        15.9558              0
202     -0.0252938        2.74383        10.0729        15.9994              0
203     -0.0109468        2.65694         9.8605        16.0388              0
204     0.00295163        2.57144        9.65069         16.074              0
205      0.0163286         2.4873        9.44347        16.1051              0
206       0.029113        2.40449        9.23888        16.1324              0
207      0.0412362        2.32297        9.03694        16.1559              0
208      0.0526324         2.2427        8.83767        16.1758              0
209      0.0632395        2.16365        8.64109        16.1922              0
210      0.0729995        2.08578         8.4472        16.2052              0
211      0.0818592        2.00904        8.25601        16.2149              0
212      0.0897709         1.9334        8.06752        16.2216              0
213      0.0966926         1.8588        7.88174        16.2252              0
214       0.102589         1.7852        7.69866        16.2259              0
215       0.107432        1.71256        7.51827        16.2238              0
216       0.111201        1.64082        7.34057         16.219              0
217       0.113883        1.56994        7.16554        16.2116              0
218       0.115475        1.49986        6.99316        16.2017              0
219       0.115982        1.43054        6.82342        16.1894              0
220       0.115419        1.36194        6.65631        16.1749              0
221        0.11381          1.294        6.49179        16.1581              0
222       0.111187        1.22668        6.32986        16.1392              0
223       0.107596        1.15994        6.17048        16.1183              0
224       0.103088        1.09374        6.01362        16.0954              0
225      0.0977244        1.02805        5.85927        16.0706              0
226       0.091577       0.962829         5.7074        16.0441              0
227       0.084724       0.898055        5.55798        16.0158              0
228      0.0772514       0.833701        5.41097        15.9859              0
229      0.0692519       0.769744        5.26636        15.9544              0
230      0.0608238       0.706166         5.1241        15.9214              0
231      0.0520699       0.642949        4.98418         15.887              0
232      0.0430966        0.58008        4.84655        15.8511              0
233      0.0340124       0.517548        4.71119         15.814              0
234      0.0249269       0.455343        4.57807        15.7755              0
235      0.0159494       0.393454        4.44716        15.7359              0
236     0.00718776       0.331874        4.31841        15.6951              0
237    -0.00125293       0.270594        4.19181        15.6532              0
238    -0.00927138       0.209605        4.06732        15.6103              0
239     -0.0167712       0.148898         3.9449        15.5663              0
240     -0.0236621      0.0884625        3.82454        15.5214              0
241     -0.0298603      0.0282863        3.70619        15.4756              0
242     -0.0352898     -0.0316433        3.58982        15.4289              0
243     -0.0398826      -0.091341         3.4754        15.3814              0
244     -0.0435796      -0.150822        3.36291        15.3331              0
245     -0.0463304      -0.210104        3.25231         15.284              0
246     -0.0480942      -0.269204        3.14357        15.2343              0
247     -0.0488392       -0.32814        3.03667        15.1838              0
248     -0.0485434      -0.386931        2.93157        15.1327              0
249     -0.0471938      -0.445594        2.82823         15.081              0
250     -0.0447867      -0.504149        2.72665        15.0287              0
251      -0.041327       -0.56261        2.62678        14.9759              0
252     -0.0368283      -0.620992         2.5286        14.9226              0
253      -0.031312       -0.67931        2.43208        14.8687              0
254     -0.0248074      -0.737572        2.33719        14.8144              0
255     -0.0173508      -0.795789        2.24391        14.7597              0
256    -0.00898522      -0.853965        2.15221        14.7045              0
257    0.000240317      -0.912102        2.06207        14.6489              0
258      0.0102711        -0.9702        1.97345         14.593              0
259      0.0210475       -1.02825        1.88635        14.5367              0
260      0.0325054       -1.08626        1.80072        14.4801              0
261      0.0445766       -1.14421        1.71655        14.4232              0
262      0.0571898       -1.20209        1.63382         14.366              0
263      0.0702703       -1.25988        1.55249        14.3086              0
264      0.0837415       -1.31757        1.47256        14.2509              0
265      0.0975246       -1.37515        1.39399        14.1929              0
266       0.111539       -1.43258        1.31676        14.1348              0
267       0.125704       -1.48987        1.24086        14.0764              0
268       0.139938       -1.54698        1.16626        14.0178              0
269       0.154158        -1.6039        1.09295        13.9591              0
270       0.168283       -1.66061        1.02089        13.9002              0
271       0.182232        -1.7171       0.950077        13.8412              0
272       0.195925       -1.77336       0.880483        13.7821              0
273       0.209285       -1.82937       0.812092        13.7228              0
274       0.222235       -1.88513       0.744884        13.6634              0
275       0.234702       -1.94063        0.67884        13.6039              0
276       0.246614       -1.99588       0.613942        13.5443              0
277       0.257905       -2.05088       0.550172        13.4846              0
278       0.268512       -2.10565       0.487513        13.4249              0
279       0.278375       -2.16019       0.425946        13.3651              0
280       0.287439       -2.21452       0.365456        13.3053              0
281       0.295656       -2.26866       0.306026        13.2454              0
282       0.302982       -2.32265        0.24764        13.1855              0
283       0.309379       -2.37651       0.190282        13.1255              0
284       0.314816       -2.43028       0.133937        13.0655              0
285       0.319268       -2.48399      0.0785914        13.0056              0
286       0.322718       -2.53768      0.0242306        12.9456              0
287       0.325154       -2.59139     -0.0291587        12.8856              0
288       0.326575       -2.64516     -0.0815895        12.8256              0
289       0.326984       -2.69904      -0.133074        12.7656              0
290       0.326395       -2.75307      -0.183624        12.7056              0
291       0.324827       -2.80729      -0.233251        12.6456              0
292       0.322308       -2.86174      -0.281964        12.5857              0
293       0.318873       -2.91645      -0.329775        12.5258              0
294       0.314565       -2.97148      -0.376692        12.4659              0
295       0.309433       -3.02683      -0.422725        12.4061              0
296       0.303533       -3.08256       -0.46788        12.3463              0
297       0.296929       -3.13867      -0.512167        12.2865              0
298       0.289687        -3.1952      -0.555592        12.2268              0
299       0.281881       -3.25216      -0.598162        12.1672              0
300       0.273588       -3.30956      -0.639882        12.1075              0
301       0.264891       -3.36742       -0.68076         12.048              0
302       0.255873       -3.42573      -0.720799        11.9885              0
303       0.246622        -3.4845      -0.760005         11.929              0
304       0.237227       -3.54373      -0.798382        11.8696              0
305       0.227776        -3.6034      -0.835934        11.8103              0
306        0.21836       -3.66352      -0.872666         11.751              0
307       0.209067       -3.72407      -0.908581        11.6918              0
308       0.199987       -3.78504      -0.943681        11.6327              0
309       0.191203       -3.84641      -0.977971        11.5736              0
310         0.1828       -3.90816       -1.01145        11.5146              0
311       0.174857       -3.97029       -1.04413        11.4556              0
312        0.16745       -4.03278         -1.076        11.3968              0
313       0.160651        -4.0956       -1.10707         11.338              0
314       0.154527       -4.15874       -1.13735        11.2792              0
315       0.149138       -4.22219       -1.16682        11.2205              0
316       0.144542       -4.28592       -1.19551        11.1619              0
317       0.140789       -4.34992        -1.2234        11.1034              0
318       0.137922       -4.41417       -1.25049        11.0449              0
319       0.135981       -4.47867        -1.2768        10.9865              0
320       0.134998       -4.54338       -1.30232        10.9282              0
321       0.134998       -4.60831       -1.32705        10.8699              0
322       0.136002       -4.67342       -1.35099        10.8117              0
323       0.138023       -4.73871       -1.37415        10.7536              0
324        0.14107       -4.80415       -1.39653        10.6955              0
325       0.145144       -4.86973       -1.41812        10.6375              0
326       0.150243       -4.93542       -1.43893        10.5795              0
327       0.156358       -5.00121       -1.45895        10.5216              0
328       0.163475       -5.06707        -1.4782        10.4638              0
329       0.171577       -5.13297       -1.49666         10.406              0
330        0.18064       -5.19889       -1.51435        10.3482              0
331       0.190639       -5.26479       -1.53126        10.2906              0
332       0.201542       -5.33064        -1.5474        10.2329              0
333       0.213316        -5.3964       -1.56276        10.1754              0
334       0.225924       -5.46202       -1.57735        10.1178              0
335       0.239326       -5.52748       -1.59117        10.0603              0
336       0.253479       -5.59272       -1.60423        10.0029              0
337       0.268339       -5.65769       -1.61652        9.94547              0
338        0.28386       -5.72235       -1.62806        9.88811              0
339       0.299994       -5.78663       -1.63884        9.83077              0
340       0.316691       -5.85049       -1.64887        9.77348              0
341         0.3339       -5.91386       -1.65815        9.71621              0
342       0.351571       -5.97669        -1.6667        9.65897              0
343       0.369652       -6.03892       -1.67451        9.60176              0
344       0.388091       -6.10049        -1.6816        9.54458              0
345       0.406836       -6.16134       -1.68798        9.48742              0
346       0.425833        -6.2214       -1.69365        9.43028              0
347       0.445033       -6.28063       -1.69863        9.37315              0
348       0.464383       -6.33895       -1.70292        9.31605              0
349       0.483833       -6.39631       -1.70654        9.25895              0
350       0.503333       -6.45266        -1.7095        9.20187              0
351       0.522835       -6.50795       -1.71181         9.1448              0
352       0.542291       -6.56212       -1.71349        9.08773              0
353       0.561656       -6.61513       -1.71455        9.03067              0
354       0.580887       -6.66693       -1.71501        8.97361              0
355       0.599941       -6.71749       -1.71488        8.91655              0
356       0.618779       -6.76677       -1.71419        8.85949              0
357       0.637362       -6.81473       -1.71294        8.80243              0
358       0.655655       -6.86135       -1.71116        8.74536              0
359       0.673624       -6.90662       -1.70886        8.68828              0
360        0.69124        -6.9505       -1.70607         8.6312              0
361       0.708473       -6.99299        -1.7028         8.5741              0
362       0.725297       -7.03409       -1.69907        8.51699              0
363        0.74169       -7.07377       -1.69491        8.45987              0
364       0.757632       -7.11206       -1.69033        8.40274              0
365       0.773105       -7.14894       -1.68535        8.34559              0
366       0.788096       -7.18444       -1.67999        8.28842              0
367       0.802592       -7.21856       -1.67428        8.23123              0
368       0.816586       -7.25132       -1.66822        8.17403              0
369       0.830073       -7.28275       -1.66185         8.1168              0
370       0.843052       -7.31286       -1.65518        8.05955              0
371       0.855525       -7.34168       -1.64822        8.00228              0
372       0.867497       -7.36925       -1.64101        7.94498              0
373       0.878977       -7.39558       -1.63354        7.88766              0
374       0.889976       -7.42072       -1.62585        7.83032              0
375       0.900508       -7.44468       -1.61796        7.77295              0
376       0.910591       -7.46751       -1.60986        7.71555              0
377       0.920246       -7.48924       -1.60159        7.65813              0
378       0.929494        -7.5099       -1.59316        7.60068              0
379       0.938362       -7.52951       -1.58459        7.54321              0
380       0.946877       -7.54811       -1.57588         7.4857              0
381        0.95507       -7.56573       -1.56705        7.42817              0
382       0.962972       -7.58238       -1.55812        7.37062              0
383       0.970619       -7.59809        -1.5491        7.31303              0
384       0.978045       -7.61288       -1.54001        7.25542              0
385       0.985288       -7.62676       -1.53085        7.19777              0
386       0.992387       -7.63974       -1.52164         7.1401              0
387       0.999381       -7.65183        -1.5124         7.0824              0
388        1.00631       -7.66303       -1.50313        7.02468              0
389        1.01321       -7.67335       -1.49384        6.96692              0
390        1.02013       -7.68276       -1.48456        6.90914              0
391         1.0271       -7.69127       -1.47528        6.85133              0
392        1.03416       -7.69886       -1.46604        6.79349              0
393        1.04135        -7.7055       -1.45683        6.73563              0
394        1.04871       -7.71116       -1.44767        6.67774              0
395        1.05628       -7.71583       -1.43858        6.61982              0
396        1.06408       -7.71946       -1.42956        6.56188              0
397        1.07216       -7.72201       -1.42064        6.50391              0
398        1.08054       -7.72343       -1.41183        6.44591              0
399        1.08926       -7.72368       -1.40315         6.3879              0
400        1.09833        -7.7227        -1.3946        6.32985              0
401        1.10779       -7.72043       -1.38622        6.27179              0
402        1.11766       -7.71681       -1.37802         6.2137              0
403        1.12795       -7.71177       -1.37001        6.15558              0
404        1.13867       -7.70523       -1.36222        6.09745              0
405        1.14986       -7.69713       -1.35467         6.0393              0
406         1.1615       -7.68738       -1.34738        5.98112              0
407        1.17361       -7.67591       -1.34037        5.92293              0
408         1.1862       -7.66264       -1.33367        5.86471              0
409        1.19925       -7.64746       -1.32731        5.80648              0
410        1.21278       -7.63031        -1.3213        5.74824              0
411        1.22677       -7.61108       -1.31569        5.68998              0
412        1.24122       -7.58969       -1.31049         5.6317              0
413         1.2561       -7.56605       -1.30574        5.57341              0
414        1.27142       -7.54007       -1.30146        5.51511              0
415        1.28714       -7.51165       -1.29769         5.4568              0
416        1.30325       -7.48071       -1.29447        5.39848              0
417        1.31972       -7.44716       -1.29181        5.34015              0
418        1.33652       -7.41091       -1.28977        5.28182              0
419        1.35363       -7.37188       -1.28836        5.22348              0
420        1.37101       -7.32999       -1.28764        5.16514              0
421        1.38863       -7.28516       -1.28762         5.1068              0
422        1.40646       -7.23732       -1.28836        5.04846              0
423        1.42444        -7.1864       -1.28988        4.99012              0
424        1.44255       -7.13234       -1.29221        4.93178              0
425        1.46074       -7.07509       -1.29541        4.87346              0
426        1.47896        -7.0146       -1.29949        4.81514              0
427        1.49718       -6.95082        -1.3045        4.75684              0
428        1.51534       -6.88373       -1.31047        4.69855              0
429        1.53341        -6.8133       -1.31743        4.64027              0
430        1.55133       -6.73951       -1.32542        4.58202              0
431        1.56906       -6.66237       -1.33446        4.52379              0
432        1.58656       -6.58186       -1.34459        4.46558              0
433        1.60378       -6.49801       -1.35582        4.40741              0
434        1.62068       -6.41084        -1.3682        4.34926              0
435        1.63721       -6.32038       -1.38174        4.29115              0
436        1.65333       -6.22668       -1.39646        4.23308              0
437        1.66901       -6.12978       -1.41238        4.17505              0
438        1.68422       -6.02975       -1.42952        4.11707              0
439        1.69891       -5.92666        -1.4479        4.05914              0
440        1.71306        -5.8206       -1.46753        4.00127              0
441        1.72665       -5.71164        -1.4884        3.94345              0
442        1.73966       -5.59989       -1.51054         3.8857              0
443        1.75207       -5.48544       -1.53395        3.82802              0
444        1.76387        -5.3684       -1.55862        3.77041              0
445        1.77506       -5.24888       -1.58456        3.71288              0
446        1.78562       -5.12699       -1.61175        3.65543              0
447        1.79556       -5.00285        -1.6402        3.59808              0
448         1.8049       -4.87657       -1.66988        3.54082              0
449        1.81363       -4.74828        -1.7008        3.48366              0
450        1.82177       -4.61807       -1.73293        3.42661              0
451        1.82934       -4.48608       -1.76626        3.36967              0
452        1.83636        -4.3524       -1.80077        3.31285              0
453        1.84285       -4.21714       -1.83643        3.25616              0
454        1.84883       -4.08041       -1.87323         3.1996              0
455        1.85433       -3.94229       -1.91113        3.14318              0
456        1.85938        -3.8029       -1.95012         3.0869              0
457          1.864       -3.66229       -1.99016        3.03079              0
458        1.86821       -3.52057       -2.03122        2.97483              0
459        1.87204       -3.37781       -2.07327        2.91904              0
460        1.87552       -3.23407       -2.11628        2.86343              0
461        1.87866       -3.08942       -2.16021          2.808              0
462        1.88149       -2.94392       -2.20504        2.75277              0
463        1.88401       -2.79764       -2.25072        2.69773              0
464        1.88625       -2.65061       -2.29722         2.6429              0
465        1.88821       -2.50289       -2.34451        2.58829              0
466        1.88991       -2.35453       -2.39254         2.5339              0
467        1.89134       -2.20557       -2.44127        2.47974              0
468         1.8925       -2.05606       -2.49068        2.42582              0
469        1.89341       -1.90605       -2.54071        2.37215              0
470        1.89404       -1.75558       -2.59134        2.31874              0
471         1.8944       -1.60469       -2.64251        2.26559              0
472        1.89447       -1.45344       -2.69419        2.21271              0
473        1.89424       -1.30187       -2.74634        2.16011              0
474         1.8937       -1.15004       -2.79892         2.1078              0
475        1.89283      -0.998007       -2.85188        2.05578              0
476        1.89161       -0.84583       -2.90518        2.00407              0
477        1.89003      -0.693575       -2.95878        1.95266              0
478        1.88806      -0.541308       -3.01264        1.90158              0
479        1.88569      -0.389104       -3.06671        1.85082              0
480         1.8829      -0.237038       -3.12096        1.80039              0
481        1.87967     -0.0851918       -3.17534         1.7503              0
482        1.87597      0.0663505       -3.22981        1.70056              0
483         1.8718         0.2175       -3.28433        1.65117              0
484        1.86713       0.368164       -3.33885        1.60214              0
485        1.86196       0.518248       -3.39334        1.55347              0
486        1.85625       0.667654       -3.44775        1.50517              0
487        1.85002        0.81628       -3.50204        1.45725              0
488        1.84323       0.964024       -3.55619         1.4097              0
489        1.83589        1.11078       -3.61014        1.36254              0
490        1.82799        1.25645       -3.66386        1.31577              0
491        1.81951        1.40092       -3.71732        1.26939              0
492        1.81047        1.54408       -3.77048        1.22341              0
493        1.80084        1.68584       -3.82331        1.17783              0
494        1.79065        1.82609       -3.87578        1.13264              0
495        1.77988        1.96471       -3.92785        1.08787              0
496        1.76854        2.10163        -3.9795         1.0435              0
497        1.75665        2.23672        -4.0307       0.999543              0
498         1.7442        2.36991       -4.08142       0.955996              0
499         1.7312        2.50109       -4.13165        0.91286              0
500        1.71767        2.63018       -4.18136       0.870137              0
501        1.70362        2.75709       -4.23053       0.827827              0
502        1.68906        2.88174       -4.27914       0.785932              0
503        1.67401        3.00407       -4.32718       0.744449              0
504        1.65848        3.12399       -4.37464        0.70338              0
505         1.6425        3.24144        -4.4215       0.662724              0
506        1.62607        3.35636       -4.46776       0.622479              0
507        1.60923         3.4687       -4.51341       0.582645              0
508        1.59198         3.5784       -4.55844        0.54322              0
509        1.57436        3.68543       -4.60285       0.504203              0
510        1.55638        3.78975       -4.64663       0.465592              0
511        1.53807        3.89132       -4.68979       0.427384              0
512        1.51945        3.99012       -4.73234       0.389579              0
513        1.50053        4.08612       -4.77427       0.352173              0
514        1.48136        4.17932       -4.81559       0.315165              0
515        1.46194        4.26971        -4.8563       0.278552              0
516         1.4423        4.35727       -4.89643       0.242331              0
517        1.42247        4.44201       -4.93596       0.206501              0
518        1.40248        4.52394       -4.97493       0.171057              0
519        1.38233        4.60307       -5.01334       0.135999              0
520        1.36207        4.67941        -5.0512       0.101323              0
521         1.3417        4.75298       -5.08853      0.0670271              0
522        1.32126        4.82382       -5.12534      0.0331083              0
523        1.30077        4.89194       -5.16166   -0.000435812              0
524        1.28025        4.95738       -5.19749     -0.0336075              0
525        1.25973        5.02018       -5.23287     -0.0664091              0
526        1.23922        5.08037       -5.26779     -0.0988428              0
527        1.21875        5.13801        -5.3023      -0.130911              0
528        1.19834        5.19313       -5.33639      -0.162615              0
529        1.17801        5.24579       -5.37011      -0.193957              0
530        1.15778        5.29603       -5.40345       -0.22494              0
531        1.13767        5.34391       -5.43645      -0.255564              0
532        1.11769        5.38948       -5.46913       -0.28583              0
533        1.09787         5.4328        -5.5015      -0.315742              0
534        1.07822        5.47393       -5.53358      -0.345298              0
535        1.05876        5.51292        -5.5654      -0.374501              0
536        1.03951        5.54984       -5.59697      -0.403351              0
537        1.02047        5.58475       -5.62832      -0.431849              0
538        1.00166         5.6177       -5.65947      -0.459995              0
539       0.983102        5.64877       -5.69042       -0.48779              0
540       0.964799        5.67801       -5.72121      -0.515233              0
541       0.946764        5.70547       -5.75185      -0.542325              0
542       0.929008        5.73124       -5.78235      -0.569066              0
543       0.911541        5.75535       -5.81275      -0.595454              0
544        0.89437        5.77789       -5.84304      -0.621489              0
545       0.877503         5.7989       -5.87325      -0.647171              0
546       0.860948        5.81844       -5.90339      -0.672499              0
547       0.844711        5.83657       -5.93349       -0.69747              0
548       0.828795        5.85336       -5.96355      -0.722085              0
549       0.813206        5.86884       -5.99359      -0.746342              0
550       0.797945        5.88309       -6.02362      -0.770238              0
551       0.783014        5.89615       -6.05365      -0.793773              0
552       0.768415        5.90808        -6.0837      -0.816944              0
553       0.754149        5.91892       -6.11379      -0.839749              0
554       0.740214        5.92873       -6.14391      -0.862186              0
555        0.72661        5.93755       -6.17409      -0.884253              0
556       0.713333        5.94543       -6.20433      -0.905946              0
557       0.700381        5.95241       -6.23464      -0.927264              0
558        0.68775        5.95854       -6.26503      -0.948203              0
559       0.675435        5.96385       -6.29552      -0.968761              0
560       0.663431        5.96839        -6.3261      -0.988935              0
561       0.651731         5.9722       -6.35679       -1.00872              0
562       0.640327        5.97531       -6.38759       -1.02812              0
563       0.629212        5.97776       -6.41852       -1.04712              0
564       0.618377        5.97957       -6.44957       -1.06572              0
565       0.607815        5.98079       -6.48076       -1.08392              0
566       0.597516        5.98144       -6.51209       -1.10172              0
567        0.58747        5.98155       -6.54356        -1.1191              0
568       0.577669        5.98115       -6.57518       -1.13608              0
569         0.5681        5.98027       -6.60695       -1.15264              0
570       0.558753        5.97892       -6.63888       -1.16877              0
571       0.549616        5.97713       -6.67098       -1.18448              0
572       0.540676        5.97492       -6.70324       -1.19977              0
573       0.531921        5.97232       -6.73567       -1.21462              0
574       0.523338        5.96934       -6.76827       -1.22903              0
575        0.51491          5.966       -6.80104       -1.24299              0
576       0.506625        5.96232       -6.83399       -1.25652              0
577       0.498465         5.9583       -6.86712       -1.26958              0
578       0.490416        5.95397       -6.90043        -1.2822              0
579        0.48246        5.94934       -6.93392       -1.29435              0
580       0.474581        5.94442       -6.96759       -1.30604              0
581       0.466762        5.93921       -7.00144       -1.31725              0
582       0.458984        5.93373       -7.03549       -1.32799              0
583       0.451229        5.92799       -7.06971       -1.33826              0
584        0.44348        5.92199       -7.10413       -1.34803              0
585       0.435718        5.91573       -7.13873       -1.35732              0
586       0.427924        5.90923       -7.17352       -1.36611              0
587        0.42008        5.90249       -7.20849       -1.37439              0
588       0.412169        5.89551       -7.24365       -1.38218              0
589        0.40417        5.88829         -7.279       -1.38945              0
590       0.396068        5.88083       -7.31454       -1.39621              0
591       0.387844        5.87314       -7.35026       -1.40244              0
592       0.379481        5.86522       -7.38617       -1.40815              0
593       0.370964        5.85707       -7.42226       -1.41333              0
594       0.362275        5.84868       -7.45854       -1.41797              0
595       0.353401        5.84006         -7.495       -1.42207              0
596       0.344326        5.83121       -7.53165       -1.42562              0
597       0.335039        5.82213       -7.56847       -1.42861              0
598       0.325527        5.81281       -7.60548       -1.43105              0
599        0.31578        5.80326       -7.64266       -1.43292              0
600       0.305787        5.79348       -7.68003       -1.43423              0
601       0.295543        5.78347       -7.71757       -1.43495              0
602       0.285039        5.77324       -7.75528        -1.4351              0
603       0.274272        5.76277       -7.79317       -1.43466              0
604       0.263238        5.75209       -7.83122       -1.43363              0
605       0.251936        5.74118       -7.86945         -1.432              0
606       0.240368        5.73007       -7.90784       -1.42977              0
607       0.228536        5.71875        -7.9464       -1.42693              0
608       0.216445        5.70723       -7.98511       -1.42348              0
609       0.204101        5.69552       -8.02399       -1.41941              0
610       0.191513        5.68363       -8.06301       -1.41471              0
611       0.178691        5.67158       -8.10219       -1.40938              0
612       0.165647        5.65938       -8.14152       -1.40342              0
613       0.152395        5.64703       -8.18099       -1.39681              0
614        0.13895        5.63457        -8.2206       -1.38956              0
615        0.12533          5.622       -8.26034       -1.38165              0
616       0.111554        5.60934       -8.30021       -1.37309              0
617      0.0976399        5.59662        -8.3402       -1.36386              0
618      0.0836105        5.58385       -8.38031       -1.35397              0
619      0.0694876        5.57106       -8.42054        -1.3434              0
620      0.0552943        5.55827       -8.46086       -1.33215              0
621      0.0410548        5.54549       -8.50129       -1.32022              0
622      0.0267939        5.53277        -8.5418       -1.30761              0
623      0.0125371        5.52011        -8.5824        -1.2943              0
624    -0.00168974        5.50755       -8.62308       -1.28029              0
625     -0.0158609        5.49511       -8.66382       -1.26558              0
626     -0.0299504        5.48281       -8.70461       -1.25016              0
627     -0.0439325        5.47068       -8.74546       -1.23404              0
628     -0.0577815        5.45874       -8.78634       -1.21719              0
629     -0.0714725        5.44702       -8.82725       -1.19963              0
630     -0.0849809        5.43553       -8.86818       -1.18135              0
631     -0.0982829         5.4243       -8.90911       -1.16234              0
632      -0.111356        5.41335       -8.95004       -1.14261              0
633      -0.124178         5.4027       -8.99095       -1.12214              0
634      -0.136728        5.39236       -9.03184       -1.10093              0
635      -0.148986        5.38235       -9.07268       -1.07899              0
636      -0.160934        5.37269       -9.11347        -1.0563              0
637      -0.172554        5.36339        -9.1542       -1.03287              0
638       -0.18383        5.35447       -9.19485        -1.0087              0
639      -0.194744        5.34592       -9.23541      -0.983784              0
640      -0.205284        5.33776       -9.27586      -0.958116              0
641      -0.215437           5.33       -9.31619        -0.9317              0
642       -0.22519        5.32265        -9.3564      -0.904533              0
643      -0.234534        5.31569       -9.39646      -0.876615              0
644       -0.24346        5.30914       -9.43636      -0.847946              0
645      -0.251962          5.303       -9.47608      -0.818526              0
646      -0.260033        5.29726       -9.51562      -0.788354              0
647       -0.26767        5.29193       -9.55496      -0.757432              0
648      -0.274869        5.28699       -9.59409       -0.72576              0
649       -0.28163        5.28244       -9.63298       -0.69334              0
650      -0.287952        5.27827       -9.67163      -0.660172              0
651      -0.293835        5.27448       -9.71003       -0.62626              0
652      -0.299284        5.27106       -9.74815      -0.591604              0
653        -0.3043        5.26799       -9.78599      -0.556208              0
654      -0.308888        5.26527       -9.82353      -0.520074              0
655      -0.313055        5.26288       -9.86076      -0.483206              0
656      -0.316807        5.26081       -9.89766      -0.445607              0
657      -0.320151        5.25906       -9.93423      -0.407281              0
658      -0.323096         5.2576       -9.97044      -0.368231              0
659       -0.32565        5.25642       -10.0063      -0.328464              0
660      -0.327825        5.25551       -10.0417      -0.287983              0
661      -0.329629        5.25486       -10.0768      -0.246793              0
662      -0.331075        5.25445       -10.1115      -0.204901              0
663      -0.332174        5.25426       -10.1457      -0.162311              0
664      -0.332937         5.2543       -10.1796      -0.119032              0
665      -0.333377        5.25453        -10.213     -0.0750675              0
666      -0.333507        5.25496       -10.2459     -0.0304263              0
667       -0.33334        5.25556       -10.2783       0.014885              0
668      -0.332888        5.25632       -10.3103      0.0608586              0
669      -0.332165        5.25724       -10.3418       0.107487              0
670      -0.331184        5.25829       -10.3728       0.154761              0
671      -0.329959        5.25948       -10.4033       0.202674              0
672      -0.328505        5.26079       -10.4333       0.251215              0
673      -0.326838         5.2622       -10.4627       0.300376              0
674      -0.324974        5.26371       -10.4916       0.350147              0
675       -0.32293        5.26532         -10.52       0.400519              0
676      -0.320723        5.26701       -10.5477       0.451482              0
677       -0.31837        5.26877        -10.575       0.503024              0
678      -0.315887         5.2706       -10.6016       0.555135              0
679      -0.313292         5.2725       -10.6276       0.607805              0
680      -0.310602        5.27445       -10.6531       0.661023              0
681      -0.307834        5.27645       -10.6779       0.714775              0
682      -0.305005         5.2785       -10.7021       0.769052              0
683      -0.302134        5.28059       -10.7257        0.82384              0
684      -0.299237        5.28273       -10.7487       0.879127              0
685      -0.296333         5.2849        -10.771       0.934902              0
686       -0.29344        5.28711       -10.7927        0.99115              0
687      -0.290575        5.28936       -10.8137        1.04786              0
688      -0.287756        5.29164       -10.8341        1.10502              0
689         -0.285        5.29396       -10.8538        1.16261              0
690      -0.282327        5.29631       -10.8728        1.22062              0
691      -0.279752        5.29869       -10.8911        1.27903              0
692      -0.277294        5.30112       -10.9088        1.33784              0
693       -0.27497        5.30358       -10.9257        1.39703              0
694      -0.272796        5.30608        -10.942        1.45658              0
695      -0.270789        5.30863       -10.9575        1.51647              0
696      -0.268965        5.31122       -10.9724         1.5767              0
697      -0.267342        5.31386       -10.9865        1.63725              0
698      -0.265934        5.31656       -10.9999         1.6981              0
699      -0.264757        5.31932       -11.0126        1.75924              0
700      -0.263827        5.32214       -11.0246        1.82065              0
701      -0.263157        5.32502       -11.0358        1.88232              0
702      -0.262762        5.32798       -11.0463        1.94422              0
703      -0.262653        5.33102       -11.0561        2.00635              0
704      -0.262842        5.33414       -11.0651        2.06869              0
705      -0.263338        5.33736       -11.0734        2.13122              0
706       -0.26415        5.34067        -11.081        2.19392              0
707      -0.265282         5.3441       -11.0877        2.25678              0
708       -0.26674        5.34763       -11.0938        2.31979              0
709      -0.268525        5.35129       -11.0991        2.38292              0
710      -0.270635        5.35508       -11.1036        2.44616              0
711      -0.273068          5.359       -11.1074        2.50949              0
712      -0.275815        5.36308       -11.1104         2.5729              0
713      -0.278869        5.36731       -11.1127        2.63637              0
714      -0.282215        5.37171       -11.1142        2.69988              0
715      -0.285837        5.37628        -11.115        2.76341              0
716      -0.289717        5.38103        -11.115        2.82695              0
717      -0.293832        5.38597       -11.1142        2.89049              0
718      -0.298156        5.39111       -11.1127          2.954              0
719      -0.302662        5.39646       -11.1104        3.01746              0
720      -0.307318        5.40202       -11.1074        3.08087              0
721      -0.312092         5.4078       -11.1036        3.14421              0
722      -0.316949        5.41381       -11.0991        3.20745              0
723      -0.321853        5.42004       -11.0938        3.27058              0
724      -0.326765         5.4265       -11.0878        3.33358              0
725      -0.331649        5.43318        -11.081        3.39645              0
726      -0.336467         5.4401       -11.0735        3.45915              0
727      -0.341182        5.44725       -11.0652        3.52168              0
728      -0.345756        5.45462       -11.0562        3.58402              0
729      -0.350156        5.46221       -11.0464        3.64615              0
730      -0.354347           5.47        -11.036        3.70806              0
731        -0.3583          5.478       -11.0248        3.76973              0
732      -0.361986        5.48619       -11.0128        3.83115              0
733       -0.36538        5.49456       -11.0002        3.89229              0
734      -0.368458        5.50309       -10.9868        3.95315              0
735      -0.371201        5.51176       -10.9728         4.0137              0
736      -0.373594        5.52057        -10.958        4.07394              0
737      -0.375622        5.52949       -10.9425        4.13385              0
738      -0.377276         5.5385       -10.9264        4.19341              0
739      -0.378549        5.54759       -10.9095        4.25261              0
740      -0.379436        5.55673        -10.892        4.31144              0
741      -0.379936        5.56591       -10.8739        4.36988              0
742      -0.380051        5.57509        -10.855        4.42791              0
743      -0.379784        5.58426       -10.8356        4.48554              0
744       -0.37914        5.59341       -10.8155        4.54273              0
745      -0.378127        5.60249       -10.7947        4.59948              0
746      -0.376753        5.61151       -10.7734        4.65577              0
747      -0.375031        5.62043       -10.7514         4.7116              0
748       -0.37297        5.62923       -10.7289        4.76695              0
749      -0.370584         5.6379       -10.7058        4.82182              0
750      -0.367886        5.64642       -10.6821        4.87618              0
751       -0.36489        5.65476       -10.6578        4.93002              0
752      -0.361611        5.66292        -10.633        4.98335              0
753      -0.358063        5.67088       -10.6077        5.03614              0
754      -0.354262        5.67861       -10.5819        5.08839              0
755      -0.350222        5.68611       -10.5555        5.14009              0
756      -0.345959        5.69336       -10.5287        5.19123              0
757      -0.341487        5.70036       -10.5014        5.24179              0
758      -0.336821        5.70708       -10.4736        5.29178              0
759      -0.331974        5.71351       -10.4454        5.34118              0
760      -0.326961        5.71966       -10.4168        5.38999              0
761      -0.321795         5.7255       -10.3877         5.4382              0
762      -0.316489        5.73103       -10.3582         5.4858              0
763      -0.311056        5.73624       -10.3284        5.53278              0
764      -0.305508        5.74113       -10.2981        5.57915              0
765      -0.299857        5.74569       -10.2675        5.62488              0
766      -0.294115        5.74991       -10.2366        5.66999              0
767      -0.288293        5.75378       -10.2053        5.71446              0
768      -0.282402        5.75732       -10.1738        5.75828              0
769      -0.276453         5.7605       -10.1419        5.80147              0
770      -0.270456        5.76333       -10.1097          5.844              0
771       -0.26442        5.76581       -10.0773        5.88588              0
772      -0.258355        5.76793       -10.0446         5.9271              0
773       -0.25227        5.76969       -10.0117        5.96766              0
774      -0.246174        5.77109       -9.97855        6.00757              0
775      -0.240076        5.77214       -9.94519        6.04681              0
776      -0.233983        5.77282       -9.91164        6.08538              0
777      -0.227903        5.77314       -9.87791        6.12329              0
778      -0.221841        5.77311       -9.84401        6.16053              0
779      -0.215803        5.77271       -9.80997         6.1971              0
780      -0.209794        5.77196       -9.77578          6.233              0
781      -0.203816        5.77084       -9.74148        6.26823              0
782      -0.197875        5.76938       -9.70706        6.30279              0
783      -0.191974        5.76755       -9.67254        6.33668              0
784      -0.186117        5.76537       -9.63795        6.36991              0
785      -0.180308        5.76284       -9.60328        6.40246              0
786       -0.17455        5.75996       -9.56856        6.43435              0
787      -0.168849        5.75673        -9.5338        6.46558              0
788      -0.163208        5.75315         -9.499        6.49614              0
789      -0.157631        5.74922       -9.46419        6.52604              0
790      -0.152121        5.74495       -9.42937        6.55528              0
791      -0.146683        5.74034       -9.39456        6.58387              0
792       -0.14132        5.73539       -9.35976         6.6118              0
793      -0.136035         5.7301         -9.325        6.63908              0
794      -0.130832        5.72448       -9.29028        6.66571              0
795      -0.125714        5.71852       -9.25561         6.6917              0
796      -0.120684        5.71223       -9.22101        6.71705              0
797      -0.115743        5.70562       -9.18648        6.74176              0
798      -0.110895        5.69867       -9.15204        6.76583              0
799       -0.10614         5.6914       -9.11769        6.78928              0
800      -0.101482        5.68381       -9.08345         6.8121              0
801     -0.0969197         5.6759       -9.04932         6.8343              0
802     -0.0924554        5.66766       -9.01533        6.85588              0
803      -0.088089        5.65911       -8.98147        6.87685              0
804     -0.0838204        5.65025       -8.94775        6.89722              0
805      -0.079649        5.64107       -8.91419        6.91698              0
806     -0.0755737        5.63158       -8.88079        6.93615              0
807     -0.0715929        5.62178       -8.84756        6.95472              0
808     -0.0677045        5.61168       -8.81452        6.97271              0
809     -0.0639061        5.60126       -8.78166        6.99011              0
810     -0.0601946        5.59054         -8.749        7.00694              0
811     -0.0565665        5.57952       -8.71655        7.02321              0
812     -0.0530178        5.56819        -8.6843         7.0389              0
813     -0.0495441        5.55657       -8.65228        7.05404              0
814     -0.0461406        5.54464       -8.62049        7.06863              0
815      -0.042802        5.53242       -8.58893        7.08267              0
816     -0.0395226         5.5199       -8.55761        7.09617              0
817     -0.0362963        5.50708       -8.52654        7.10914              0
818     -0.0331167        5.49397       -8.49572        7.12158              0
819     -0.0299772        5.48056       -8.46517         7.1335              0
820     -0.0268708        5.46686       -8.43488         7.1449              0
821     -0.0237903        5.45287       -8.40486         7.1558              0
822     -0.0207282        5.43859       -8.37512        7.16619              0
823     -0.0176772        5.42402       -8.34567        7.17608              0
824     -0.0146294        5.40917       -8.31651        7.18549              0
825     -0.0115774        5.39402       -8.28764        7.19442              0
826    -0.00851321        5.37859       -8.25907        7.20287              0
827    -0.00542932        5.36287        -8.2308        7.21084              0
828     -0.0023181        5.34687       -8.20284        7.21836              0
829    0.000827941        5.33059        -8.1752        7.22542              0
830     0.00401611        5.31403       -8.14788        7.23203              0
831     0.00725355        5.29719       -8.12087         7.2382              0
832      0.0105471        5.28007        -8.0942        7.24393              0
833      0.0139035        5.26268       -8.06785        7.24924              0
834      0.0173289        5.24501       -8.04183        7.25412              0
835      0.0208295        5.22708       -8.01615        7.25858              0
836      0.0244108        5.20887       -7.99082        7.26264              0
837       0.028078        5.19039       -7.96582        7.26629              0
838      0.0318363        5.17165       -7.94117        7.26955              0
839      0.0356901        5.15265       -7.91687        7.27242              0
840      0.0396439        5.13339       -7.89292        7.27491              0
841      0.0437013        5.11388       -7.86933        7.27702              0
842      0.0478659        5.09411       -7.84609        7.27876              0
843      0.0521406        5.07409       -7.82321        7.28014              0
844      0.0565277        5.05383       -7.80069        7.28117              0
845      0.0610295        5.03332       -7.77853        7.28185              0
846      0.0656474        5.01258       -7.75674        7.28218              0
847      0.0703829         4.9916       -7.73531        7.28219              0
848      0.0752369         4.9704       -7.71424        7.28186              0
849      0.0802101        4.94897       -7.69355        7.28121              0
850      0.0853029        4.92732       -7.67322        7.28024              0
851      0.0905153        4.90546       -7.65327        7.27897              0
852      0.0958468         4.8834       -7.63368        7.27739              0
853       0.101297        4.86112       -7.61446        7.27552              0
854       0.106864        4.83866       -7.59562        7.27335              0
855       0.112547          4.816       -7.57715        7.27091              0
856       0.118345        4.79316       -7.55905        7.26818              0
857       0.124255        4.77015       -7.54132        7.26519              0
858       0.130275        4.74697       -7.52396        7.26193              0
859       0.136403        4.72362       -7.50697        7.25841              0
860       0.142636        4.70012       -7.49036        7.25464              0
861       0.148972        4.67648       -7.47411        7.25063              0
862       0.155408        4.65269       -7.45823        7.24637              0
863        0.16194        4.62878       -7.44272        7.24188              0
864       0.168567        4.60475       -7.42758        7.23716              0
865       0.175284         4.5806        -7.4128        7.23222              0
866       0.182088        4.55635       -7.39839        7.22706              0
867       0.188976          4.532       -7.38435         7.2217              0
868       0.195945        4.50757       -7.37066        7.21612              0
869        0.20299        4.48306       -7.35733        7.21035              0
870       0.210108        4.45848       -7.34437        7.20439              0
871       0.217294        4.43385       -7.33175        7.19823              0
872       0.224545        4.40917       -7.31949         7.1919              0
873       0.231857        4.38445       -7.30759        7.18539              0
874       0.239225         4.3597       -7.29603         7.1787              0
875       0.246644        4.33494       -7.28482        7.17185              0
876       0.254111        4.31017       -7.27395        7.16484              0
877       0.261621         4.2854       -7.26343        7.15768              0
878       0.269169        4.26064       -7.25325        7.15036              0
879       0.276752         4.2359        -7.2434         7.1429              0
880       0.284365         4.2112       -7.23388         7.1353              0
881       0.292003        4.18654       -7.22469        7.12756              0
882       0.299662        4.16193       -7.21584        7.11969              0
883       0.307338        4.13738        -7.2073         7.1117              0
884       0.315026         4.1129       -7.19909        7.10358              0
885       0.322722        4.08851       -7.19119        7.09535              0
886       0.330422        4.06421        -7.1836        7.08701              0
887       0.338121        4.04001       -7.17633        7.07856              0
888       0.345816        4.01592       -7.16936        7.07001              0
889       0.353501        3.99194        -7.1627        7.06137              0
890       0.361173         3.9681       -7.15633        7.05262              0
891       0.368828        3.94439       -7.15026        7.04379              0
892       0.376461        3.92084       -7.14448        7.03488              0
893       0.384069        3.89743       -7.13899        7.02588              0
894       0.391648        3.87419       -7.13379        7.01681              0
895       0.399193        3.85111       -7.12886        7.00767              0
896       0.406701        3.82822       -7.12421        6.99846              0
897       0.414168        3.80551       -7.11983        6.98918              0
898       0.421592          3.783       -7.11572        6.97984              0
899       0.428967        3.76068       -7.11187        6.97045              0
900       0.436292        3.73857       -7.10829          6.961              0
901       0.443562        3.71668       -7.10496         6.9515              0
902       0.450775          3.695       -7.10188        6.94196              0
903       0.457927        3.67354       -7.09905        6.93238              0
904       0.465016        3.65232       -7.09646        6.92276              0
905        0.47204        3.63133       -7.09411         6.9131              0
906       0.478996        3.61058         -7.092        6.90341              0
907       0.485883        3.59008       -7.09012         6.8937              0
908       0.492698        3.56982       -7.08847        6.88395              0
909        0.49944        3.54982       -7.08704        6.87419              0
910       0.506107        3.53007       -7.08583        6.86441              0
911       0.512699        3.51058       -7.08483        6.85461              0
912       0.519215        3.49136       -7.08405         6.8448              0
913       0.525653         3.4724       -7.08347        6.83498              0
914       0.532012        3.45371        -7.0831        6.82515              0
915       0.538292        3.43529       -7.08293        6.81532              0
916       0.544492        3.41714       -7.08295        6.80549              0
917       0.550611        3.39927       -7.08317        6.79566              0
918       0.556649        3.38168       -7.08357        6.78583              0
919       0.562605        3.36437       -7.08416        6.77601              0
920       0.568478        3.34733       -7.08493         6.7662              0
921       0.574269        3.33058       -7.08587        6.75641              0
922       0.579977        3.31411       -7.08699        6.74662              0
923       0.585602        3.29792       -7.08828        6.73686              0
924       0.591144        3.28201       -7.08973        6.72711              0
925       0.596603        3.26639       -7.09135        6.71739              0
926       0.601979        3.25105       -7.09312        6.70769              0
927       0.607272        3.23599       -7.09505        6.69801              0
928       0.612484        3.22122       -7.09713        6.68837              0
929       0.617614        3.20673       -7.09936        6.67875              0
930       0.622663        3.19252       -7.10173        6.66917              0
931       0.627631         3.1786       -7.10425        6.65962              0
932        0.63252        3.16496        -7.1069        6.65011              0
933       0.637329        3.15159       -7.10969        6.64064              0
934        0.64206        3.13851       -7.11261        6.63121              0
935       0.646712        3.12571       -7.11566        6.62182              0
936       0.651285        3.11318       -7.11883        6.61248              0
937       0.655781        3.10093       -7.12212        6.60318              0
938         0.6602        3.08896       -7.12554        6.59393              0
939       0.664541        3.07725       -7.12907        6.58472              0
940       0.668806        3.06582       -7.13271        6.57557              0
941       0.672995        3.05466       -7.13647        6.56648              0
942       0.677108        3.04377       -7.14033        6.55743              0
943       0.681146        3.03315       -7.14429        6.54845              0
944       0.685109        3.02279       -7.14836        6.53952              0
945       0.688997        3.01269       -7.15252        6.53064              0
946       0.692811        3.00285       -7.15678        6.52183              0
947        0.69655        2.99326       -7.16114        6.51308              0
948       0.700216        2.98394       -7.16558         6.5044              0
949       0.703808        2.97486       -7.17011        6.49578              0
950       0.707326        2.96604       -7.17473        6.48722              0
951       0.710771        2.95746       -7.17943        6.47873              0
952       0.714142        2.94912       -7.18421        6.47031              0
953        0.71744        2.94103       -7.18906        6.46196              0
954       0.720663        2.93318         -7.194        6.45367              0
955       0.723813        2.92555         -7.199        6.44546              0
956       0.726889        2.91816       -7.20408        6.43733              0
957        0.72989          2.911       -7.20922        6.42926              0
958       0.732817        2.90406       -7.21443        6.42127              0
959       0.735668        2.89734        -7.2197        6.41336              0
960       0.738445        2.89084       -7.22503        6.40552              0
961       0.741145        2.88455       -7.23042        6.39776              0
962        0.74377        2.87847       -7.23587        6.39008              0
963       0.746318        2.87259       -7.24138        6.38248              0
964        0.74879        2.86691       -7.24693        6.37495              0
965       0.751184        2.86142       -7.25254        6.36751              0
966       0.753501        2.85612       -7.25819        6.36015              0
967       0.755739        2.85101        -7.2639        6.35288              0
968       0.757899        2.84607       -7.26964        6.34568              0
969       0.759979        2.84131       -7.27543        6.33857              0
970       0.761979        2.83672       -7.28127        6.33155              0
971       0.763899         2.8323       -7.28714        6.32461              0
972       0.765738        2.82802       -7.29304        6.31775              0
973       0.767495         2.8239       -7.29899        6.31098              0
974        0.76917        2.81993       -7.30497         6.3043              0
975       0.770762        2.81609       -7.31098        6.29771              0
976       0.772271        2.81239       -7.31702         6.2912              0
977       0.773695        2.80882       -7.32309        6.28479              0
978       0.775036        2.80536       -7.32919        6.27846              0
979       0.776292        2.80202       -7.33532        6.27222              0
980       0.777463        2.79878       -7.34147        6.26607              0
981       0.778548        2.79564       -7.34765        6.26002              0
982       0.779548        2.79259       -7.35385        6.25405              0
983       0.780462        2.78963       -7.36007        6.24817              0
984        0.78129        2.78675       -7.36631        6.24239              0
985       0.782032        2.78394       -7.37257         6.2367              0
986       0.782688        2.78118       -7.37885         6.2311              0
987       0.783259        2.77849       -7.38514        6.22559              0
988       0.783744        2.77584       -7.39145        6.22018              0
989       0.784143        2.77323       -7.39778        6.21486              0
990       0.784457        2.77065       -7.40412        6.20964              0
991       0.784684         2.7681       -7.41047         6.2045              0
992       0.784825        2.76556       -7.41684        6.19947              0
993       0.784879        2.76303       -7.42322        6.19452              0
994       0.784847         2.7605        -7.4296        6.18967              0
995       0.784727        2.75796         -7.436        6.18492              0
996       0.784521        2.75541       -7.44241        6.18026              0
997       0.784228        2.75283       -7.44883         6.1757              0
998       0.783848        2.75022       -7.45525        6.17123              0
999       0.783382        2.74756       -7.46168        6.16686              0
1000       0.782828        2.74486       -7.46812        6.16259              0
