1              0       -25.2609        22.2322              0       -25.3657     -0.0822199
2              0       -25.2428        22.1561              0        -25.347     -0.0663869
3              0       -25.2126        22.0295              0       -25.3158     -0.0400242
4              0       -25.1705         21.853              0       -25.2723     -0.0031707
5              0       -25.1165        21.6271              0       -25.2164      0.0441193
6              0       -25.0508        21.3528              0       -25.1484       0.101776
7              0       -24.9734         21.031              0       -25.0683       0.169712
8              0       -24.8845         20.663              0       -24.9764       0.247827
9              0       -24.7843          20.25              0       -24.8728          0.336
10              0        -24.673        19.7935              0       -24.7577       0.434098
11              0       -24.5508        19.2951              0       -24.6314       0.541966
12              0       -24.4179        18.7567              0        -24.494       0.659437
13              0       -24.2746        18.1799              0        -24.346       0.786321
14              0       -24.1212        17.5668              0       -24.1875       0.922414
15              0       -23.9579        16.9195              0       -24.0188        1.06749
16              0        -23.785        16.2399              0       -23.8403        1.22131
17              0        -23.603        15.5303              0       -23.6524        1.38361
18              0        -23.412        14.7929              0       -23.4552        1.55411
19              0       -23.2125        14.0299              0       -23.2493        1.73251
20              0       -23.0047        13.2436              0        -23.035        1.91849
21              0       -22.7891        12.4363              0       -22.8127        2.11171
22              0        -22.566        11.6103              0       -22.5827         2.3118
23              0       -22.3357        10.7678              0       -22.3454        2.51838
24              0       -22.0987        9.91124              0       -22.1012        2.73106
25              0       -21.8554         9.0427              0       -21.8506         2.9494
26              0        -21.606        8.16445              0       -21.5939        3.17297
27              0       -21.3511        7.27866              0       -21.3315        3.40129
28              0       -21.0909        6.38745              0       -21.0639        3.63389
29              0       -20.8259         5.4929              0       -20.7914        3.87026
30              0       -20.5565        4.59705              0       -20.5144        4.10988
31              0       -20.2829        3.70186              0       -20.2333         4.3522
32              0       -20.0057        2.80923              0       -19.9486        4.59666
33              0       -19.7251        1.92102              0       -19.6605        4.84269
34              0       -19.4415        1.03901              0       -19.3695         5.0897
35              0       -19.1553       0.164913              0       -19.0759        5.33707
36              0       -18.8668      -0.699611              0       -18.7801        5.58417
37              0       -18.5764       -1.55298              0       -18.4824        5.83039
38              0       -18.2844       -2.39367              0       -18.1833        6.07507
39              0       -17.9911       -3.22022              0       -17.8829        6.31755
40              0       -17.6968       -4.03125              0       -17.5817        6.55719
41              0       -17.4018       -4.82543              0         -17.28         6.7933
42              0       -17.1065        -5.6015              0        -16.978        7.02523
43              0       -16.8111       -6.35825              0       -16.6761        7.25231
44              0       -16.5159       -7.09455              0       -16.3745        7.47386
45              0       -16.2211       -7.80933              0       -16.0735        7.68922
46              0        -15.927       -8.50156              0       -15.7733        7.89775
47              0       -15.6338       -9.17029              0       -15.4742        8.09879
48              0       -15.3418       -9.81462              0       -15.1765        8.29172
49              0       -15.0511       -10.4337              0       -14.8803        8.47592
50              0       -14.7621       -11.0268              0       -14.5858        8.65079
51              0       -14.4748       -11.5931              0       -14.2933        8.81575
52              0       -14.1894        -12.132              0       -14.0029        8.97025
53              0       -13.9062       -12.6429              0       -13.7148        9.11378
54              0       -13.6253       -13.1252              0       -13.4292        9.24583
55              0       -13.3468       -13.5784              0       -13.1462        9.36594
56              0       -13.0709       -14.0021              0       -12.8659         9.4737
57              0       -12.7978       -14.3959              0       -12.5886         9.5687
58              0       -12.5274       -14.7594              0       -12.3142        9.65061
59              0         -12.26       -15.0924              0        -12.043        9.71912
60              0       -11.9956       -15.3946              0        -11.775        9.77398
61              0       -11.7344       -15.6659              0       -11.5103        9.81495
62              0       -11.4765       -15.9062              0        -11.249        9.84189
63              0       -11.2218       -16.1155              0       -10.9911        9.85468
64              0       -10.9705       -16.2936              0       -10.7368        9.85324
65              0       -10.7226       -16.4407              0       -10.4861        9.83756
66              0       -10.4782       -16.5569              0        -10.239        9.80769
67              0       -10.2374       -16.6423              0       -9.99561        9.76369
68              0       -10.0001       -16.6971              0       -9.75593        9.70573
69              0       -9.76644       -16.7217              0       -9.51999        9.63397
70              0       -9.53641       -16.7163              0       -9.28783        9.54866
71              0       -9.31003       -16.6812              0       -9.05945         9.4501
72              0       -9.08732       -16.6169              0       -8.83488         9.3386
73              0        -8.8683       -16.5238              0       -8.61411        9.21456
74              0       -8.65295       -16.4025              0       -8.39714        9.07839
75              0       -8.44129       -16.2534              0       -8.18398        8.93056
76              0       -8.23331       -16.0771              0       -7.97461        8.77158
77              0       -8.02901       -15.8743              0       -7.76903        8.60198
78              0       -7.82836       -15.6455              0       -7.56721        8.42234
79              0       -7.63136       -15.3915              0       -7.36914        8.23326
80              0       -7.43798       -15.1129              0       -7.17479        8.03538
81              0        -7.2482       -14.8105              0       -6.98413        7.82934
82              0       -7.06199       -14.4851              0       -6.79714        7.61583
83              0       -6.87933       -14.1374              0       -6.61378        7.39553
84              0       -6.70019       -13.7682              0       -6.43402        7.16916
85              0       -6.52452       -13.3784              0       -6.25783        6.93742
86              0        -6.3523       -12.9687              0       -6.08515        6.70105
87              0       -6.18349       -12.5401              0       -5.91595        6.46077
88              0       -6.01805       -12.0934              0        -5.7502         6.2173
89              0       -5.85593       -11.6294              0       -5.58783        5.97138
90              0        -5.6971       -11.1491              0       -5.42881        5.72371
91              0        -5.5415       -10.6533              0       -5.27309        5.47501
92              0        -5.3891        -10.143              0       -5.12061        5.22597
93              0       -5.23984       -9.61892              0       -4.97134        4.97727
94              0       -5.09369       -9.08208              0       -4.82522        4.72958
95              0       -4.95059       -8.53333              0        -4.6822        4.48354
96              0       -4.81049       -7.97359              0       -4.54223        4.23977
97              0       -4.67335       -7.40373              0       -4.40525        3.99887
98              0       -4.53911       -6.82467              0       -4.27122        3.76142
99              0       -4.40772       -6.23729              0       -4.14008        3.52796
100              0       -4.27914       -5.64249              0       -4.01178        3.29901
101              0       -4.15332       -5.04114              0       -3.88626        3.07505
102              0        -4.0302       -4.43415              0       -3.76348        2.85656
103              0       -3.90973       -3.82239              0       -3.64338        2.64394
104              0       -3.79186       -3.20675              0       -3.52591        2.43761
105              0       -3.67655        -2.5881              0       -3.41101        2.23792
106              0       -3.56374       -1.96732              0       -3.29864         2.0452
107              0       -3.45338       -1.34529              0       -3.18874        1.85976
108              0       -3.34543      -0.722885              0       -3.08126        1.68187
109              0       -3.23983      -0.100967              0       -2.97615        1.51175
110              0       -3.13654       0.519591              0       -2.87337        1.34963
111              0       -3.03551        1.13792              0       -2.77286        1.19566
112              0       -2.93669        1.75316              0       -2.67457        1.05001
113              0       -2.84004        2.36444              0       -2.57845       0.912775
114              0        -2.7455        2.97091              0       -2.48447       0.784056
115              0       -2.65303         3.5717              0       -2.39256       0.663911
116              0       -2.56259        4.16596              0       -2.30269       0.552377
117              0       -2.47414        4.75285              0       -2.21482       0.449463
118              0       -2.38762        5.33151              0       -2.12888       0.355156
119              0         -2.303         5.9011              0       -2.04485       0.269419
120              0       -2.22023         6.4608              0       -1.96268       0.192196
121              0       -2.13927        7.00978              0       -1.88233       0.123408
122              0       -2.06009        7.54723              0       -1.80375      0.0629588
123              0       -1.98264        8.07234              0       -1.72691      0.0107337
124              0       -1.90687        8.58433              0       -1.65176     -0.0333982
125              0       -1.83277        9.08241              0       -1.57827      -0.069583
126              0       -1.76027        9.56585              0        -1.5064     -0.0979809
127              0       -1.68936        10.0339              0       -1.43612      -0.118765
128              0       -1.61998        10.4858              0       -1.36738      -0.132119
129              0       -1.55211         10.921              0       -1.30015      -0.138238
130              0       -1.48571        11.3387              0       -1.23439      -0.137328
131              0       -1.42075        11.7382              0       -1.17008      -0.129599
132              0        -1.3572        12.1191              0       -1.15097      -0.115413
133              0       -1.29501        12.4808              0       -1.14825      -0.094906
134              0       -1.23416        12.8227              0       -1.14553     -0.0682576
135              0       -1.17461        13.1442              0       -1.14282     -0.0357029
136              0       -1.11634        13.4451              0       -1.14012      0.0025195
137              0       -1.05932        13.7248              0       -1.13743      0.0461682
138              0       -1.03712        13.9831              0       -1.13474      0.0950001
139              0       -1.03549        14.2195              0       -1.13208       0.148771
140              0       -1.03387        14.4338              0       -1.12942       0.207236
141              0       -1.03227        14.6259              0       -1.12678        0.27015
142              0       -1.03067        14.7957              0       -1.12416        0.33727
143              0       -1.02909        14.9429              0       -1.12155       0.408354
144              0       -1.02752        15.0675              0       -1.11896        0.48316
145              0       -1.02596        15.1697              0       -1.11639       0.561451
146              0       -1.02442        15.2493              0       -1.11383       0.642991
147              0       -1.02288        15.3066              0        -1.1113       0.727547
148              0       -1.02136        15.3418              0       -1.10878       0.814889
149              0       -1.01985         15.355              0       -1.10628       0.904793
150              0       -1.01834        15.3466              0        -1.1038       0.997037
151              0       -1.01685        15.3168              0       -1.10135         1.0914
152              0       -1.01538        15.2661              0       -1.09891        1.18768
153              0       -1.01391        15.1949              0       -1.09649        1.28565
154              0       -1.01245        15.1037              0       -1.09409        1.38512
155              0         -1.011         14.993              0       -1.09172        1.48589
156              0       -1.00956        14.8633              0       -1.08936        1.58776
157              0       -1.00813        14.7154              0       -1.08703        1.69054
158              0       -1.00671        14.5497              0       -1.08472        1.79405
159              0        -1.0053         14.367              0       -1.08243        1.89811
160              0        -1.0039        14.1679              0       -1.08016        2.00253
161              0        -1.0025        13.9533              0       -1.07791        2.10716
162              0       -1.00112        13.7237              0       -1.07568        2.21183
163              0      -0.999736        13.4801              0       -1.07347        2.31637
164              0      -0.998363        13.2232              0       -1.07128        2.42063
165              0      -0.996997        12.9537              0       -1.06911        2.52445
166              0      -0.995636        12.6725              0       -1.06696         2.6277
167              0      -0.994282        12.3804              0       -1.06483        2.73022
168              0      -0.992932        12.0782              0       -1.06272        2.83188
169              0      -0.991587        11.7666              0       -1.06062        2.93254
170              0      -0.990247        11.4466              0       -1.05855        3.03207
171              0       -0.98891        11.1189              0       -1.05649        3.13036
172              0      -0.987577        10.7842              0       -1.05444        3.22726
173              0      -0.986247        10.4435              0       -1.05242        3.32267
174              0       -0.98492        10.0973              0       -1.05041        3.41647
175              0      -0.983595        9.74656              0       -1.04842        3.50855
176              0      -0.982272        9.39193              0       -1.04644        3.59879
177              0      -0.980951        9.03413              0       -1.04448         3.6871
178              0       -0.97963        8.67385              0       -1.04253        3.77336
179              0       -0.97831        8.31178              0        -1.0406        3.85748
180              0       -0.97699        7.94855              0       -1.03869        3.93936
181              0       -0.97567        7.58479              0       -1.03679        4.01891
182              0      -0.974349        7.22111              0        -1.0349        4.09602
183              0      -0.973028        6.85807              0       -1.03303        4.17062
184              0      -0.971705        6.49622              0       -1.03117        4.24261
185              0      -0.970381        6.13609              0       -1.02933         4.3119
186              0      -0.969055        5.77817              0        -1.0275        4.37842
187              0      -0.967727        5.42293              0       -1.02569        4.44207
188              0      -0.966396         5.0708              0       -1.02389        4.50277
189              0      -0.965062        4.72221              0        -1.0221        4.56044
190              0      -0.963725        4.37753              0       -1.02033        4.61501
191              0      -0.962385        4.03714              0       -1.01858        4.66639
192              0      -0.961041        3.70137              0       -1.01683        4.71451
193              0      -0.959693        3.37052              0       -1.01511        4.75928
194              0      -0.958341        3.04488              0       -1.01339        4.80064
195              0      -0.956986        2.72471              0        -1.0117        4.83849
196              0      -0.955626        2.41025              0       -1.01002        4.87277
197              0      -0.954261        2.10172              0       -1.00835         4.9034
198              0      -0.952893        1.79931              0        -1.0067         4.9303
199              0      -0.951519        1.50318              0       -1.00507        4.95338
200              0      -0.950141        1.21348              0       -1.00346        4.97258
201              0      -0.948758        0.93036              0       -1.00186         4.9878
202              0       -0.94737       0.653915              0       -1.00029        4.99897
203              0      -0.945978       0.384243              0       -0.99873        5.00599
204              0       -0.94458       0.121419              0      -0.997192        5.00879
205              0      -0.943178      -0.134496              0      -0.995674        5.00726
206              0       -0.94177       -0.38346              0      -0.994178        5.00132
207              0      -0.940357      -0.625443              0      -0.992703        4.99087
208              0       -0.93894       -0.86043              0       -0.99125         4.9758
209              0      -0.937517       -1.08842              0       -0.98982          4.956
210              0      -0.936089       -1.30942              0      -0.988415        4.93138
211              0      -0.934656       -1.52346              0      -0.987034         4.9018
212              0      -0.933218       -1.73057              0      -0.985678        4.86714
213              0      -0.931775       -1.93079              0      -0.984348        4.82727
214              0      -0.930328       -2.12418              0      -0.983046        4.78205
215              0      -0.928875        -2.3108              0      -0.981771        4.73134
216              0      -0.927418       -2.49072              0      -0.980525        4.67497
217              0      -0.925956       -2.66402              0      -0.979309        4.61278
218              0      -0.924489       -2.83078              0      -0.978123         4.5446
219              0      -0.923017        -2.9911              0      -0.976968        4.47022
220              0      -0.921541       -3.14507              0      -0.975845        4.38945
221              0      -0.920061        -3.2928              0      -0.974754        4.30207
222              0      -0.918576       -3.43439              0      -0.973698        4.20785
223              0      -0.917087       -3.56996              0      -0.972675        4.10655
224              0      -0.915594       -3.69962              0      -0.971687        3.99791
225              0      -0.914097       -3.82349              0      -0.970735        3.88164
226              0      -0.912596       -3.94171              0      -0.969819        3.75745
227              0       -0.91109       -4.05438              0       -0.96894        3.62502
228              0      -0.909581       -4.16165              0      -0.968098        3.48402
229              0      -0.908069       -4.26364              0      -0.967295        3.33409
230              0      -0.906552       -4.36049              0      -0.966529        3.17485
231              0      -0.905033       -4.45233              0      -0.965803         3.0059
232              0       -0.90351       -4.53929              0      -0.965116        2.82681
233              0      -0.901983       -4.62151              0      -0.964468        2.63713
234              0      -0.900454       -4.69913              0      -0.963861         2.4364
235              0      -0.898921       -4.77229              0      -0.963293        2.22409
236              0      -0.897385       -4.84113              0      -0.962766         1.9997
237              0      -0.895847       -4.90578              0      -0.962279        1.76266
238              0      -0.894306       -4.96638              0      -0.961833         1.5124
239              0      -0.892763       -5.02307              0      -0.961427        1.24829
240              0      -0.891217         -5.076              0      -0.961061        0.96971
241              0      -0.889669       -5.12529              0      -0.960736       0.675981
242              0      -0.888119       -5.17109              0       -0.96045       0.366412
243              0      -0.886567       -5.21354              0      -0.960205      0.0402771
244              0      -0.885014       -5.25276              0      -0.959999      -0.303175
245              0      -0.883459       -5.27788              0      -0.959832      -0.664722
246              0      -0.881903       -5.20616              0      -0.959704       -1.04517
247              0      -0.880346       -5.13462              0      -0.959614       -1.44534
248              0      -0.878789       -5.06334              0      -0.959562       -1.86606
249              0      -0.877232       -4.99236              0      -0.959546       -2.30821
250              0      -0.875674       -4.92177              0      -0.959567       -2.77268
251              0      -0.874118       -4.85162              0      -0.959623       -3.26036
252              0      -0.872562       -4.78199              0      -0.959713       -3.77217
253              0      -0.871007       -4.71294              0      -0.959836       -4.30905
254              0      -0.869454       -4.64453              0      -0.959991       -4.87192
255              0      -0.867904       -4.57685              0      -0.960177       -5.46173
256              0      -0.866356       -4.50995              0      -0.960392       -6.07941
257              0       -0.86481       -4.44389              0      -0.960634       -6.72587
258              0      -0.863269       -4.37876              0      -0.960901       -7.40203
259              0      -0.861731       -4.31462              0      -0.961192       -8.10876
260              0      -0.860197       -4.25153              0      -0.961504        -8.8469
261              0      -0.858669       -4.18957              0      -0.961835       -9.61725
262              0      -0.857146        -4.1288              0      -0.962183       -10.4205
263              0      -0.855628       -4.06929              0      -0.962543       -11.2574
264              0      -0.854118       -4.01112              0      -0.962914       -12.1285
265              0      -0.852614       -3.95435              0      -0.963292       -13.0343
266              0      -0.851117       -3.89905              0      -0.963673       -13.9751
267              0      -0.849629        -3.8453              0      -0.964053       -14.9512
268              0      -0.848149       -3.79316              0      -0.964428       -15.9626
269              0      -0.846679       -3.74271              0      -0.964794       -17.0094
270              0      -0.845218       -3.69403              0      -0.965146       -18.0912
271              0      -0.843768       -3.64718              0      -0.965479       -19.2076
272              0      -0.842329       -3.60225              0      -0.965788       -20.3578
273              0      -0.840902       -3.55931              0      -0.966066       -21.5409
274              0      -0.839487       -3.51843              0      -0.966308       -22.7557
275              0      -0.838085       -3.47971              0      -0.966508       -24.0006
276              0      -0.836697       -3.44321              0       -0.96666       -25.2739
277              0      -0.835323       -3.40901              0      -0.966757       -26.5733
278              0      -0.833963       -3.37722              0      -0.966792       -27.8964
279              0       -0.83262        -3.3479              0      -0.966758       -29.2403
280              0      -0.831293       -3.32115              0      -0.966649       -30.6018
281              0      -0.829983       -3.29705              0      -0.966457       -31.9771
282              0       -0.82869       -3.27571              0      -0.966175       -33.3624
283              0      -0.827416       -3.25722              0      -0.965798       -34.7531
284              0      -0.826162       -3.24166              0      -0.965317       -36.1446
285              0      -0.824927       -3.22915              0      -0.964726       -37.5316
286              0      -0.823712       -3.21979              0       -0.96402       -38.9087
287              0      -0.822519       -3.21369              0      -0.963193         -40.27
288              0      -0.821347       -3.21095              0      -0.962238       -41.6094
289              0      -0.820199       -3.21169              0      -0.961152       -42.9204
290              0      -0.819074       -3.21604              0       -0.95993       -44.1966
291              0      -0.817972        -3.2241              0       -0.95857        -45.431
292              0      -0.816896       -3.23602              0      -0.957067       -46.6169
293              0      -0.815845       -3.25191              0      -0.955421       -47.7474
294              0      -0.814821       -3.27193              0      -0.953631       -48.8156
295              0      -0.813824        -3.2962              0      -0.951697       -49.8147
296              0      -0.812854       -3.32488              0      -0.949619       -50.7383
297              0      -0.811913       -3.35811              0      -0.947401       -51.5799
298              0      -0.811001       -3.39606              0      -0.945045       -52.3338
299              0      -0.810119       -3.43888              0      -0.942554       -52.9943
300              0      -0.809268       -3.48674              0      -0.939935       -53.5566
301              0      -0.808448       -3.53983              0      -0.937193       -54.0161
302              0       -0.80766       -3.59831              0      -0.934334       -54.3691
303              0      -0.806906       -3.66237              0      -0.931367       -54.6126
304              0      -0.806185       -3.73221              0      -0.928299       -54.7441
305              0      -0.805499       -3.80803              0      -0.925138       -54.7621
306              0      -0.804848       -3.89002              0      -0.921895       -54.6658
307              0      -0.804233        -3.9784              0      -0.918578       -54.4552
308              0      -0.803655       -4.07338              0      -0.915196       -54.1311
309              0      -0.803115       -4.17518              0       -0.91176       -53.6951
310              0      -0.802614       -4.28404              0      -0.908278       -53.1495
311              0      -0.802152       -4.40017              0      -0.904761       -52.4974
312              0      -0.801731       -4.52383              0      -0.901215       -51.7426
313              0      -0.801351       -4.65525              0      -0.897651       -50.8892
314              0      -0.801013       -4.79468              0      -0.894075       -49.9423
315              0      -0.800718       -4.94236              0      -0.890495        -48.907
316              0      -0.800467       -5.09855              0      -0.886917       -47.7891
317              0      -0.800261       -5.26351              0      -0.883346       -46.5946
318              0      -0.800101       -5.43749              0      -0.879788       -45.3297
319              0      -0.799988       -5.62076              0      -0.876246       -44.0007
320              0      -0.799923       -5.81357              0      -0.872724       -42.6143
321              0      -0.799907       -6.01618              0      -0.869224       -41.1767
322              0      -0.799941       -6.22884              0      -0.865746       -39.6944
323              0      -0.800025       -6.45183              0      -0.862293       -38.1737
324              0      -0.800161       -6.68538              0      -0.858863       -36.6205
325              0      -0.800351       -6.92974              0      -0.855455       -35.0408
326              0      -0.800593       -7.18516              0      -0.852069       -33.4401
327              0      -0.800891       -7.45186              0      -0.848703       -31.8237
328              0      -0.801244       -7.73007              0      -0.845353       -30.1966
329              0      -0.801654          -8.02              0      -0.842017       -28.5632
330              0      -0.802121       -8.32186              0      -0.838691       -26.9279
331              0      -0.802647       -8.63581              0      -0.835373       -25.2945
332              0      -0.803231       -8.96204              0      -0.832057       -23.6665
333              0      -0.803875       -9.30068              0      -0.828739        -22.047
334              0       -0.80458       -9.65187              0      -0.825417       -20.4388
335              0      -0.805345       -10.0157              0      -0.822085       -18.8445
336              0      -0.806171       -10.3923              0      -0.818739        -17.266
337              0      -0.807059       -10.7816              0      -0.815375       -15.7052
338              0      -0.808009       -11.1837              0      -0.811989       -14.1636
339              0       -0.80902       -11.5985              0      -0.808578       -12.6426
340              0      -0.810094       -12.0261              0      -0.805138       -11.1431
341              0      -0.811228       -12.4662              0      -0.801665       -9.66597
342              0      -0.812424       -12.9188              0      -0.798156       -8.21186
343              0       -0.81368       -13.3837              0      -0.794609       -6.78121
344              0      -0.814995       -13.8605              0      -0.791022       -5.37436
345              0      -0.816369       -14.3491              0      -0.787391        -3.9915
346              0        -0.8178       -14.8491              0      -0.783717       -2.63274
347              0      -0.819287         -15.36              0      -0.779996       -1.29812
348              0      -0.820827       -15.8815              0       -0.77623      0.0124065
349              0      -0.822418       -16.4128              0      -0.772416        1.29889
350              0      -0.824058       -16.9536              0      -0.768556        2.56142
351              0      -0.825745        -17.503              0      -0.764651        3.80009
352              0      -0.827474       -18.0604              0        -0.7607        5.01496
353              0      -0.829243       -18.6249              0      -0.756707        6.20611
354              0      -0.831047       -19.1956              0      -0.752672        7.37355
355              0      -0.832883       -19.7716              0      -0.748599        8.51724
356              0      -0.834746       -20.3519              0      -0.744491        9.63713
357              0      -0.836631       -20.9353              0      -0.740351        10.7331
358              0      -0.838532       -21.5207              0      -0.736184        11.8048
359              0      -0.840444       -22.1068              0      -0.731993        12.8521
360              0      -0.842361       -22.6923              0      -0.727785        13.8747
361              0      -0.844277       -23.2758              0      -0.723563         14.872
362              0      -0.846184       -23.8559              0      -0.719335        15.8435
363              0      -0.848075        -24.431              0      -0.715107        16.7888
364              0      -0.849944       -24.9997              0      -0.710884        17.7071
365              0      -0.851782       -25.5603              0      -0.706675        18.5977
366              0      -0.853582       -26.1112              0      -0.702485        19.4598
367              0      -0.855335       -26.6507              0      -0.698324        20.2927
368              0      -0.857033       -27.1772              0      -0.694198        21.0953
369              0      -0.858667       -27.6889              0      -0.690116        21.8669
370              0       -0.86023       -28.1842              0      -0.686086        22.6063
371              0      -0.861712       -28.6613              0      -0.682115        23.3127
372              0      -0.863105       -29.1186              0      -0.678212         23.985
373              0      -0.864399       -29.5544              0      -0.674385        24.6222
374              0      -0.865588       -29.9671              0      -0.670641        25.2234
375              0      -0.866662       -30.3552              0       -0.66699        25.7875
376              0      -0.867613       -30.7172              0      -0.663438        26.3137
377              0      -0.868433       -31.0517              0      -0.659993        26.8011
378              0      -0.869116       -31.3573              0      -0.656661        27.2488
379              0      -0.869654       -31.6328              0       -0.65345        27.6561
380              0       -0.87004       -31.8771              0      -0.650366        28.0223
381              0      -0.870269       -32.0891              0      -0.647414        28.3468
382              0      -0.870334        -32.268              0      -0.644598        28.6291
383              0      -0.870231       -32.4131              0      -0.641925        28.8689
384              0      -0.869956       -32.5237              0      -0.639397        29.0659
385              0      -0.869505       -32.5993              0      -0.637018        29.2198
386              0      -0.868874       -32.6396              0      -0.634789        29.3308
387              0      -0.868063       -32.6445              0      -0.632714        29.3989
388              0      -0.867069       -32.6139              0      -0.630792        29.4243
389              0      -0.865892       -32.5479              0      -0.629023        29.4075
390              0      -0.864531       -32.3313              0      -0.627407        29.3488
391              0      -0.862989       -31.9039              0      -0.625943        29.2491
392              0      -0.861266       -31.4213              0      -0.624626        29.1092
393              0      -0.859368       -30.8829              0      -0.623453        28.9302
394              0      -0.857298       -30.2881              0       -0.62242        28.7133
395              0      -0.855059       -29.6363              0       -0.62152        28.4596
396              0      -0.852659       -28.9271              0      -0.620748        28.1708
397              0      -0.850103       -28.1599              0      -0.620097        27.8481
398              0      -0.847398       -27.3342              0      -0.619559        27.4932
399              0       -0.84455       -26.4494              0      -0.619127        27.1078
400              0      -0.841568       -25.5049              0      -0.618791        26.6935
401              0      -0.838459          -24.5              0      -0.618543         26.252
402              0      -0.835232       -23.4341              0      -0.618374        25.7853
403              0      -0.831896       -22.3064              0      -0.618273        25.2951
404              0      -0.828459       -21.1159              0      -0.618231        24.7833
405              0      -0.824931       -19.8616              0      -0.618238        24.2516
406              0      -0.821321       -18.5426              0      -0.618283         23.702
407              0      -0.817639       -17.1575              0      -0.618357        23.1363
408              0      -0.813892       -15.7051              0      -0.618447        22.5562
409              0      -0.810092       -14.1841              0      -0.618545        21.9636
410              0      -0.806247       -12.5929              0      -0.618638        21.3601
411              0      -0.802366         -10.93              0      -0.618718        20.7475
412              0      -0.798458        -9.1938              0      -0.618774        20.1273
413              0      -0.794532       -7.38262              0      -0.618795        19.5011
414              0      -0.790596       -5.49482              0      -0.618771        18.8704
415              0      -0.786658       -3.52879              0      -0.618694        18.2367
416              0      -0.782728         -1.483              0      -0.618552        17.6013
417              0      -0.778811       0.643962              0      -0.618338        16.9655
418              0      -0.774917        2.85331              0      -0.618041        16.3304
419              0      -0.771051        5.14599              0      -0.617654        15.6974
420              0       -0.76722        7.52264              0      -0.617168        15.0673
421              0      -0.763431        9.98346              0      -0.616574        14.4412
422              0      -0.759691        12.5281              0      -0.615866          13.82
423              0      -0.756004        15.1558              0      -0.615034        13.2046
424              0      -0.752377        17.8647              0      -0.614073        12.5957
425              0      -0.748814        20.6525              0      -0.612976         11.994
426              0       -0.74532        23.5157              0      -0.611735        11.4003
427              0        -0.7419          26.45              0      -0.610344         10.815
428              0      -0.738558        29.4496              0      -0.608798        10.2387
429              0      -0.735299        32.5078              0       -0.60709        9.67198
430              0      -0.732125        35.6162              0      -0.605216        9.11516
431              0      -0.729041        38.7653              0      -0.603169        8.56866
432              0      -0.726049        41.9437              0      -0.600946        8.03283
433              0      -0.723153        45.1387              0      -0.598541        7.50797
434              0      -0.720356         48.336              0       -0.59595        6.99437
435              0      -0.717661        51.5196              0      -0.593169        6.49228
436              0      -0.715069        54.6724              0      -0.590193        6.00192
437              0      -0.712583        57.7755              0       -0.58702        5.52349
438              0      -0.710206        60.8089              0      -0.583645        5.05718
439              0       -0.70794        63.7518              0      -0.580064        4.60316
440              0      -0.705786        66.5824              0      -0.576276        4.16161
441              0      -0.703747        69.2785              0      -0.572276        3.73267
442              0      -0.701825        71.8177              0      -0.568062         3.3165
443              0      -0.700021        74.1779              0      -0.563631        2.91325
444              0      -0.698336        76.3376              0      -0.558981        2.52308
445              0      -0.696774        78.2765              0      -0.554109        2.14615
446              0      -0.695334        79.9754              0      -0.549012        1.78263
447              0       -0.69402        81.4175              0      -0.543689        1.43271
448              0      -0.692832        82.5878              0      -0.538137        1.09656
449              0      -0.691772        83.4742              0      -0.532355       0.774406
450              0      -0.690841        84.0674              0       -0.52634       0.466458
451              0      -0.690042        84.3612              0      -0.520092       0.172955
452              0      -0.689376        84.3527              0      -0.513608      -0.105848
453              0      -0.688845        84.0423              0      -0.506886      -0.369676
454              0      -0.688449        83.4338              0      -0.499926      -0.618238
455              0      -0.688192        82.5341              0      -0.492727      -0.851221
456              0      -0.688074        81.3533              0      -0.485286       -1.06829
457              0      -0.688098        79.9041              0      -0.477604       -1.26911
458              0      -0.688266        78.2018              0      -0.469679        -1.4533
459              0      -0.688579        76.2636              0      -0.461511       -1.62047
460              0       -0.68904        74.1088              0      -0.453098       -1.77023
461              0      -0.689651        71.7576              0      -0.444441       -1.90215
462              0      -0.690414        69.2313              0      -0.435539       -2.01581
463              0      -0.691331        66.5516              0      -0.426392       -2.11079
464              0      -0.692404        63.7403              0      -0.416999       -2.18667
465              0      -0.693637         60.819              0      -0.407359       -2.24304
466              0      -0.695031        57.8086              0      -0.397472       -2.27945
467              0      -0.696589        54.7292              0      -0.387338       -2.29551
468              0      -0.698314        51.5997              0      -0.376956       -2.29077
469              0      -0.700208         48.438              0      -0.366328       -2.26483
470              0      -0.702273        45.2602              0      -0.355452       -2.21729
471              0      -0.704514        42.0814              0      -0.344329       -2.14776
472              0      -0.706931        38.9148              0      -0.332961       -2.05587
473              0      -0.709527        35.7721              0      -0.321347       -1.94127
474              0      -0.712306        32.6636              0      -0.309489       -1.80366
475              0      -0.715269        29.5981              0      -0.297388       -1.64275
476              0      -0.718418         26.583              0      -0.285045       -1.45829
477              0      -0.721757        23.6243              0      -0.272463       -1.25011
478              0      -0.725285        20.7269              0      -0.259643       -1.01804
479              0      -0.729006        17.8945              0      -0.246587       -0.76202
480              0      -0.732921        15.1299              0      -0.233299      -0.482012
481              0      -0.737029        12.4349              0      -0.219781       -0.17807
482              0      -0.741334        9.81075              0      -0.206037       0.149682
483              0      -0.745833        7.25773              0       -0.19207       0.501037
484              0      -0.750528        4.77578              0      -0.177885       0.875697
485              0      -0.755417        2.36429              0      -0.163486        1.27327
486              0        -0.7605      0.0223135              0      -0.148877        1.69327
487              0      -0.765773       -2.25139              0      -0.134066        2.13509
488              0      -0.771235       -4.45828              0      -0.119057        2.59802
489              0      -0.776883       -6.59994              0      -0.103857        3.08123
490              0      -0.782711       -8.67805              0     -0.0884744        3.58377
491              0      -0.788715       -10.6943              0     -0.0729159        4.10456
492              0      -0.794888       -12.6504              0     -0.0571904        4.64241
493              0      -0.801225        -14.548              0     -0.0413072        5.19597
494              0      -0.807717       -16.3885              0     -0.0252763        5.76377
495              0      -0.814354       -18.1734              0    -0.00910862        6.34422
496              0      -0.821127       -19.9038              0     0.00718433        6.93559
497              0      -0.828024        -21.581              0        0.02359        7.53599
498              0      -0.835034       -23.2058              0      0.0400952        8.14346
499              0      -0.842141       -24.7789              0      0.0566855        8.75587
500              0      -0.849333       -26.3007              0      0.0733458        9.37098
501              0      -0.856592       -27.7718              0      0.0900602        9.98648
502              0      -0.863902       -29.1921              0       0.106812        10.5999
503              0      -0.871244       -30.5616              0       0.123582        11.2087
504              0      -0.878599       -31.8802              0       0.140353        11.8104
505              0      -0.885947       -33.1473              0       0.157106        12.4021
506              0      -0.893267       -34.3625              0       0.173818        12.9813
507              0      -0.900535       -35.5251              0       0.190471        13.5452
508              0       -0.90773       -36.6342              0        0.20704         14.091
509              0      -0.914828        -37.689              0       0.223506        14.6159
510              0      -0.921805       -38.6884              0       0.239843        15.1173
511              0      -0.928636       -39.6315              0        0.25603        15.5925
512              0      -0.935296       -40.5172              0       0.272042        16.0388
513              0      -0.941761       -41.3444              0       0.287855        16.4537
514              0      -0.948006        -42.112              0       0.303447        16.8349
515              0      -0.954007       -42.8191              0       0.318791          17.18
516              0      -0.959739       -43.4645              0       0.333866         17.487
517              0      -0.965179       -44.0476              0       0.348648        17.7539
518              0      -0.970306       -44.5674              0       0.363113        17.9789
519              0      -0.975096       -45.0234              0        0.37724        18.1606
520              0       -0.97953        -45.415              0       0.391006        18.2976
521              0       -0.98359       -45.7418              0       0.404392        18.3888
522              0      -0.987257       -46.0037              0       0.417377        18.4334
523              0      -0.990516       -46.2007              0       0.429943         18.431
524              0      -0.993353       -46.3328              0       0.442071        18.3811
525              0      -0.995756       -46.4005              0       0.453746        18.2838
526              0      -0.997715       -46.4044              0       0.464952        18.1393
527              0      -0.999222       -46.3452              0       0.475677        17.9481
528              0       -1.00027       -46.2238              0       0.485907        17.7111
529              0       -1.00086       -46.0415              0       0.495631        17.4292
530              0       -1.00098       -45.7994              0       0.504841        17.1038
531              0       -1.00064       -45.4992              0       0.513528        16.7363
532              0      -0.999845       -45.1424              0       0.521685        16.3285
533              0      -0.998591        -44.731              0       0.529307        15.8824
534              0      -0.996889       -44.2667              0       0.536391        15.4001
535              0      -0.994748       -43.7516              0       0.542931        14.8838
536              0      -0.992177       -43.1879              0       0.548928         14.336
537              0      -0.989189       -42.5778              0        0.55438        13.7593
538              0      -0.985797       -41.9235              0       0.559287        13.1563
539              0      -0.982016       -41.2274              0        0.56365        12.5298
540              0      -0.977863       -40.4918              0        0.56747        11.8825
541              0      -0.973355       -39.7189              0       0.570751        11.2173
542              0      -0.968509       -38.9112              0       0.573494        10.5371
543              0      -0.963345       -38.0709              0       0.575703        9.84459
544              0      -0.957883       -37.2002              0       0.577382         9.1427
545              0      -0.952141       -36.3013              0       0.578535        8.43417
546              0      -0.946141       -35.3763              0       0.579165        7.72171
547              0      -0.939903       -34.4271              0       0.579278        7.00797
548              0      -0.933447       -33.4556              0       0.578877        6.29549
549              0      -0.926794       -32.4636              0       0.577968        5.58673
550              0      -0.919963       -31.4528              0       0.576556        4.88401
551              0      -0.912975       -30.4247              0       0.574645        4.18957
552              0       -0.90585       -29.3806              0       0.572239        3.50549
553              0      -0.898605       -28.3219              0       0.569345        2.83373
554              0       -0.89126       -27.2497              0       0.565969        2.17609
555              0      -0.883831       -26.1649              0       0.562117        1.53417
556              0      -0.876338       -25.0683              0       0.557797       0.909457
557              0      -0.868794       -23.9608              0       0.553018       0.303275
558              0      -0.861217       -22.8429              0       0.547788      -0.283195
559              0      -0.853621        -21.715              0       0.542116      -0.848915
560              0      -0.846021       -20.5774              0       0.536012       -1.39299
561              0      -0.838428       -19.4304              0       0.529483       -1.91465
562              0      -0.830857        -18.274              0       0.522542       -2.41328
563              0      -0.823318       -17.1082              0       0.515198       -2.88837
564              0      -0.815823        -15.933              0       0.507462       -3.33956
565              0      -0.808382        -14.748              0       0.499346       -3.76658
566              0      -0.801004       -13.5531              0       0.490862        -4.1693
567              0      -0.793698       -12.3478              0       0.482023       -4.54766
568              0      -0.786472       -11.1318              0       0.472841       -4.90172
569              0      -0.779334       -9.90457              0       0.463332       -5.23165
570              0      -0.772289       -8.66565              0       0.453508       -5.53766
571              0      -0.765345       -7.41453              0       0.443385       -5.82007
572              0      -0.758507       -6.15067              0       0.432979       -6.07926
573              0       -0.75178       -4.87355              0       0.422305       -6.31569
574              0      -0.745168       -3.58267              0       0.411379       -6.52986
575              0      -0.738676       -2.27757              0       0.400219       -6.72231
576              0      -0.732307      -0.957828              0       0.388842       -6.89367
577              0      -0.726064       0.376906              0       0.377266       -7.04456
578              0       -0.71995         1.7269              0       0.365508       -7.17566
579              0      -0.713968        3.09232              0       0.353587       -7.28767
580              0      -0.708121        4.47321              0       0.341521       -7.38132
581              0      -0.702408         5.8695              0       0.329329       -7.45735
582              0      -0.696834        7.28093              0        0.31703       -7.51651
583              0      -0.691398         8.7071              0       0.304644       -7.55957
584              0      -0.686102        10.1474              0       0.292188       -7.58728
585              0      -0.680947         11.601              0       0.279682       -7.60043
586              0      -0.675933        13.0669              0       0.267145       -7.59977
587              0      -0.671062        14.5439              0       0.254596       -7.58607
588              0      -0.666334        16.0303              0       0.242053       -7.56006
589              0      -0.661749        17.5244              0       0.229535       -7.52249
590              0      -0.657308        19.0241              0        0.21706       -7.47408
591              0      -0.653011         20.527              0       0.204646       -7.41554
592              0      -0.648857        22.0306              0       0.192311       -7.34755
593              0      -0.644847        23.5317              0       0.180072       -7.27079
594              0      -0.640982        25.0271              0       0.167945        -7.1859
595              0       -0.63726        26.5133              0       0.155947       -7.09351
596              0      -0.633682        27.9863              0       0.144095       -6.99421
597              0      -0.630248        29.4422              0       0.132403        -6.8886
598              0      -0.626957        30.8764              0       0.120887       -6.77721
599              0      -0.623811        32.2844              0       0.109561       -6.66059
600              0      -0.620808        33.6612              0      0.0984398       -6.53923
601              0      -0.617948        35.0019              0      0.0875364       -6.41362
602              0      -0.615232        36.3013              0       0.076864       -6.28419
603              0      -0.612659        37.5542              0      0.0664352        -6.1514
604              0       -0.61023        38.7551              0      0.0562621       -6.01562
605              0      -0.607944        39.8989              0      0.0463561       -5.87726
606              0      -0.605801        40.9802              0      0.0367282       -5.73665
607              0      -0.603802        41.9939              0      0.0273892       -5.59413
608              0      -0.601946        42.9351              0       0.018349          -5.45
609              0      -0.600234        43.7989              0     0.00961733       -5.30455
610              0      -0.598665        44.5809              0     0.00120337       -5.15805
611              0      -0.597241         45.277              0     -0.0068841       -5.01073
612              0       -0.59596        45.8835              0     -0.0146367       -4.86281
613              0      -0.594824        46.3972              0     -0.0220464       -4.71449
614              0      -0.593833        46.8152              0     -0.0291055       -4.56596
615              0      -0.592987        47.1354              0     -0.0358069       -4.41737
616              0      -0.592286        47.3561              0     -0.0421433       -4.26888
617              0      -0.591731        47.4763              0     -0.0481083       -4.12062
618              0      -0.591322        47.4956              0     -0.0536953       -3.97269
619              0       -0.59106        47.4141              0     -0.0588981        -3.8252
620              0      -0.590946        47.2327              0     -0.0637108       -3.67822
621              0      -0.590979        46.9527              0     -0.0681276       -3.53184
622              0      -0.591162        46.5764              0     -0.0721429       -3.38611
623              0      -0.591493        46.1061              0     -0.0757513       -3.24108
624              0      -0.591974        45.5451              0     -0.0789473       -3.09679
625              0      -0.592606         44.897              0      -0.081726       -2.95326
626              0       -0.59339        44.1658              0     -0.0840821       -2.81051
627              0      -0.594326         43.356              0     -0.0860106       -2.66855
628              0      -0.595415        42.4724              0     -0.0875067       -2.52738
629              0      -0.596658        41.5201              0     -0.0885655         -2.387
630              0      -0.598056        40.5043              0     -0.0891821        -2.2474
631              0       -0.59961        39.4305              0     -0.0893517       -2.10856
632              0      -0.601321        38.3043              0     -0.0890696       -1.97046
633              0       -0.60319        37.1313              0      -0.088331       -1.83308
634              0      -0.605219         35.917              0     -0.0871311       -1.69638
635              0      -0.607407         34.667              0     -0.0854652       -1.56035
636              0      -0.609756        33.3868              0     -0.0833284       -1.42494
637              0      -0.612268        32.0816              0     -0.0807161       -1.29012
638              0      -0.614943        30.7565              0     -0.0776235       -1.15586
639              0      -0.617782        29.4165              0     -0.0740457       -1.02212
640              0      -0.620787        28.0662              0     -0.0699779      -0.888873
641              0      -0.623958          26.71              0     -0.0654155       -0.75608
642              0      -0.627297         25.352              0     -0.0603535       -0.62371
643              0      -0.630804        23.9962              0     -0.0547872      -0.491734
644              0       -0.63448        22.6459              0     -0.0487118      -0.360122
645              0      -0.638327        21.3045              0     -0.0421224      -0.228851
646              0      -0.642346         19.975              0     -0.0350144     -0.0978985
647              0      -0.646536        18.6599              0      -0.027383       0.032754
648              0      -0.650898        17.3618              0     -0.0192235        0.16312
649              0      -0.655434        16.0826              0     -0.0105314        0.29321
650              0      -0.660144        14.8242              0    -0.00130194       0.423029
651              0      -0.665027        13.5882              0     0.00846918       0.552576
652              0      -0.670085         12.376              0      0.0187864       0.681846
653              0      -0.675317        11.1886              0      0.0296539       0.810828
654              0      -0.680724         10.027              0      0.0410758       0.939504
655              0      -0.686304        8.89187              0      0.0530561        1.06785
656              0      -0.692058        7.78375              0      0.0655985        1.19584
657              0      -0.697986        6.70302              0      0.0787067        1.32343
658              0      -0.704085         5.6499              0       0.092384        1.45058
659              0      -0.710356        4.62449              0       0.106634        1.57724
660              0      -0.716797        3.62678              0       0.121458        1.70336
661              0      -0.723407        2.65662              0       0.136861        1.82886
662              0      -0.730183        1.71381              0       0.152843        1.95367
663              0      -0.737124       0.798039              0       0.169408        2.07771
664              0      -0.744228      -0.091046              0       0.186557         2.2009
665              0      -0.751492      -0.953869              0        0.20429        2.32314
666              0      -0.758913        -1.7909              0        0.22261        2.44432
667              0      -0.766488       -2.60263              0       0.241517        2.56434
668              0      -0.774213       -3.38961              0        0.26101        2.68308
669              0      -0.782085       -4.15239              0       0.281089         2.8004
670              0      -0.790099       -4.89154              0       0.301754        2.91618
671              0      -0.798251       -5.60763              0       0.323003        3.03028
672              0      -0.806536       -6.30125              0       0.344836        3.14255
673              0      -0.814949       -6.97299              0       0.367248        3.25283
674              0      -0.823484        -7.6234              0       0.390238        3.36097
675              0      -0.832136       -8.25307              0       0.413803         3.4668
676              0      -0.840897       -8.86255              0       0.437938        3.57015
677              0      -0.849761       -9.45237              0       0.462639        3.67083
678              0      -0.858722       -10.0231              0       0.487901        3.76867
679              0      -0.867771       -10.5751              0       0.513718        3.86348
680              0      -0.876901        -11.109              0       0.540085        3.95507
681              0      -0.886103       -11.6252              0       0.566994        4.04324
682              0       -0.89537       -12.1242              0       0.594438         4.1278
683              0      -0.904692       -12.6064              0       0.622409        4.20854
684              0       -0.91406       -13.0721              0       0.650898        4.28527
685              0      -0.923465       -13.5217              0       0.679896        4.35778
686              0      -0.932897       -13.7502              0       0.709393        4.42588
687              0      -0.942347       -13.9373              0        0.73938         4.4894
688              0      -0.951808       -14.1216              0       0.769849        4.54823
689              0      -0.961271       -14.3027              0       0.800789        4.60222
690              0      -0.970729       -14.4805              0       0.832191        4.65125
691              0      -0.980172       -14.6548              0       0.864044        4.69518
692              0      -0.989591       -14.8253              0       0.896337        4.73389
693              0      -0.998979       -14.9918              0       0.929057        4.76726
694              0       -1.00833       -15.1542              0       0.962192        4.79517
695              0       -1.01762       -15.3122              0       0.995728        4.81751
696              0       -1.02686       -15.4657              0        1.02965        4.83417
697              0       -1.03603       -15.6144              0        1.06395        4.84506
698              0       -1.04512       -15.7582              0         1.0986        4.85007
699              0       -1.05412       -15.8968              0         1.1336        4.84913
700              0       -1.06302       -16.0301              0        1.16893        4.84216
701              0       -1.07182        -16.158              0        1.20456         4.8291
702              0       -1.08051       -16.2802              0        1.24048        4.80988
703              0       -1.08907       -16.3966              0        1.27668        4.78447
704              0        -1.0975       -16.5071              0        1.31312        4.75282
705              0       -1.10578       -16.6115              0        1.34981        4.71491
706              0       -1.11391       -16.7097              0         1.3867        4.67072
707              0       -1.12188       -16.8015              0        1.42379        4.62026
708              0       -1.12969        -16.887              0        1.46106        4.56353
709              0       -1.13732       -16.9659              0        1.49847        4.50057
710              0       -1.14476       -17.0382              0          1.536        4.43141
711              0       -1.15201       -17.1037              0        1.57364        4.35609
712              0       -1.15906       -17.1625              0        1.61136        4.27468
713              0        -1.1659       -17.2145              0        1.64913        4.18727
714              0       -1.17253       -17.2596              0        1.68694        4.09394
715              0       -1.17893       -17.2978              0        1.72474         3.9948
716              0       -1.18511        -17.329              0        1.76253        3.88996
717              0       -1.19106       -17.3533              0        1.80026        3.77956
718              0       -1.19677       -17.3707              0        1.83791        3.66374
719              0       -1.20223       -17.3811              0        1.87546        3.54267
720              0       -1.20745       -17.3846              0        1.91288        3.41651
721              0       -1.21242       -17.3812              0        1.95013        3.28545
722              0       -1.21712        -17.371              0        1.98719        3.14969
723              0       -1.22157        -17.354              0        2.02403        3.00941
724              0       -1.22576       -17.3303              0        2.06061        2.86483
725              0       -1.22967          -17.3              0        2.09692        2.71616
726              0       -1.23333       -17.2631              0        2.13293        2.56364
727              0       -1.23671       -17.2197              0        2.16859        2.40752
728              0       -1.23982         -17.17              0        2.20388        2.24803
729              0       -1.24265        -17.114              0        2.23877        2.08546
730              0       -1.24522       -17.0519              0        2.27323        1.92005
731              0       -1.24751       -16.9838              0        2.30722        1.75211
732              0       -1.24953       -16.9099              0        2.34071         1.5819
733              0       -1.25127       -16.8302              0        2.37367        1.40973
734              0       -1.25275       -16.7449              0        2.40606        1.23588
735              0       -1.25396       -16.6542              0        2.43786        1.06067
736              0       -1.25489       -16.5582              0        2.46902        0.88439
737              0       -1.25556       -16.4571              0        2.49951       0.707351
738              0       -1.25597       -16.3511              0        2.52931       0.529861
739              0       -1.25611       -16.2404              0        2.55836       0.352231
740              0         -1.256        -16.125              0        2.58665       0.174767
741              0       -1.25563       -16.0052              0        2.61414     -0.0022222
742              0       -1.25501       -15.8812              0        2.64078      -0.178436
743              0       -1.25414       -15.7532              0        2.66656      -0.353588
744              0       -1.25303       -15.6212              0        2.69144      -0.527396
745              0       -1.25167       -15.4856              0        2.71539      -0.699585
746              0       -1.25009       -15.3465              0        2.73839      -0.869887
747              0       -1.24827        -15.204              0         2.7604       -1.03804
748              0       -1.24622       -15.0584              0        2.78139        -1.2038
749              0       -1.24395       -14.9099              0        2.80135       -1.36692
750              0       -1.24146       -14.7586              0        2.82025       -1.52717
751              0       -1.23877       -14.6046              0        2.83806       -1.68433
752              0       -1.23586       -14.4483              0        2.85476       -1.83819
753              0       -1.23276       -14.2897              0        2.87034       -1.98856
754              0       -1.22946        -14.129              0        2.88477       -2.13524
755              0       -1.22596       -13.9664              0        2.89803       -2.27806
756              0       -1.22228       -13.8021              0        2.91011       -2.41688
757              0       -1.21843       -13.6362              0        2.92099       -2.55153
758              0       -1.21439       -13.4689              0        2.93067        -2.6819
759              0       -1.21019       -13.3003              0        2.93912       -2.80785
760              0       -1.20582       -13.1306              0        2.94635       -2.92928
761              0        -1.2013       -12.9599              0        2.95234       -3.04611
762              0       -1.19662       -12.7883              0        2.95709       -3.15825
763              0       -1.19179       -12.6161              0         2.9606       -3.26565
764              0       -1.18682       -12.4434              0        2.96286       -3.36825
765              0       -1.18172       -12.2702              0        2.96388       -3.46601
766              0       -1.17648       -12.0967              0        2.96366       -3.55891
767              0       -1.17111        -11.923              0        2.96219       -3.64694
768              0       -1.16562       -11.7492              0         2.9595       -3.73011
769              0       -1.16001       -11.5755              0        2.95559       -3.80842
770              0        -1.1543        -11.402              0        2.95046        -3.8819
771              0       -1.14847       -11.2287              0        2.94413       -3.95059
772              0       -1.14254       -11.0557              0        2.93662       -4.01454
773              0       -1.13651       -10.8832              0        2.92793        -4.0738
774              0       -1.13038       -10.7112              0         2.9181       -4.12844
775              0       -1.12417       -10.5399              0        2.90713       -4.17855
776              0       -1.11787       -10.3692              0        2.89504        -4.2242
777              0       -1.11149       -10.1994              0        2.88187       -4.26549
778              0       -1.10503       -10.0303              0        2.86763       -4.30251
779              0        -1.0985       -9.86221              0        2.85236       -4.33539
780              0        -1.0919       -9.69508              0        2.83606       -4.36423
781              0       -1.08523       -9.52899              0        2.81878       -4.38915
782              0        -1.0785         -9.364              0        2.80055       -4.41028
783              0       -1.07171       -9.20016              0        2.78138       -4.42774
784              0       -1.06486       -9.03753              0        2.76132       -4.44168
785              0       -1.05797       -8.87615              0        2.74039       -4.45221
786              0       -1.05102       -8.71607              0        2.71863        -4.4595
787              0       -1.04403       -8.55732              0        2.69608       -4.46366
788              0         -1.037       -8.39995              0        2.67275       -4.46485
789              0       -1.02993       -8.24399              0         2.6487       -4.46321
790              0       -1.02282       -8.08948              0        2.62394       -4.45889
791              0       -1.01567       -7.93643              0        2.59853       -4.45201
792              0        -1.0085       -7.78489              0        2.57248       -4.44274
793              0        -1.0013       -7.63487              0        2.54585        -4.4312
794              0       -0.99407       -7.48639              0        2.51865       -4.41754
795              0      -0.986819       -7.33949              0        2.49094        -4.4019
796              0      -0.979547       -7.19417              0        2.46273       -4.38442
797              0      -0.972257       -7.05045              0        2.43407       -4.36522
798              0      -0.964951       -6.90835              0          2.405       -4.34443
799              0       -0.95763       -6.76788              0        2.37553       -4.32219
800              0      -0.950299       -6.62905              0        2.34571       -4.29862
801              0      -0.942957       -6.49186              0        2.31557       -4.27383
802              0      -0.935608       -6.35633              0        2.28514       -4.24794
803              0      -0.928254       -6.22247              0        2.25445       -4.22107
804              0      -0.920896       -6.09026              0        2.22353       -4.19332
805              0      -0.913536       -5.95973              0        2.19241        -4.1648
806              0      -0.906176       -5.83087              0        2.16112       -4.13559
807              0      -0.898818       -5.70368              0        2.12968        -4.1058
808              0      -0.891464       -5.57817              0        2.09813       -4.07551
809              0      -0.884115       -5.45432              0        2.06648       -4.04481
810              0      -0.876772       -5.33214              0        2.03477       -4.01378
811              0      -0.869438       -5.21162              0        2.00301       -3.98248
812              0      -0.862114       -5.09276              0        1.97122         -3.951
813              0      -0.854801       -4.97556              0        1.93943       -3.91938
814              0      -0.847501          -4.86              0        1.90766        -3.8877
815              0      -0.840216       -4.74608              0        1.87593         -3.856
816              0      -0.832945        -4.6338              0        1.84425       -3.82434
817              0      -0.825692       -4.52314              0        1.81263       -3.79276
818              0      -0.818457       -4.41409              0         1.7811        -3.7613
819              0      -0.811241       -4.30665              0        1.74967          -3.73
820              0      -0.804045        -4.2008              0        1.71834       -3.69889
821              0      -0.796872       -4.09654              0        1.68714       -3.66799
822              0      -0.789721       -3.99386              0        1.65606       -3.63734
823              0      -0.782594       -3.89273              0        1.62513       -3.60694
824              0      -0.775491       -3.79316              0        1.59434       -3.57683
825              0      -0.768415       -3.69512              0        1.56371         -3.547
826              0      -0.761366       -3.59861              0        1.53324       -3.51748
827              0      -0.754344        -3.5036              0        1.50293       -3.48826
828              0      -0.747352        -3.4101              0        1.47279       -3.45935
829              0      -0.740388       -3.31808              0        1.44283       -3.43075
830              0      -0.733456       -3.22753              0        1.41303       -3.40245
831              0      -0.726554       -3.13843              0        1.38341       -3.37446
832              0      -0.719685       -3.05078              0        1.35396       -3.34677
833              0      -0.712849       -2.96455              0        1.32468       -3.31937
834              0      -0.706046       -2.87974              0        1.29557       -3.29224
835              0      -0.699277       -2.79632              0        1.26664       -3.26538
836              0      -0.692543       -2.71428              0        1.23786       -3.23877
837              0      -0.685845        -2.6336              0        1.20925       -3.21239
838              0      -0.679183       -2.55428              0         1.1808       -3.18624
839              0      -0.672558       -2.47629              0         1.1525       -3.16029
840              0       -0.66597       -2.39962              0        1.12435       -3.13453
841              0       -0.65942       -2.32426              0        1.09634       -3.10893
842              0      -0.652908       -2.15634              0        1.06846       -3.08349
843              0      -0.646436       -1.92709              0        1.04071       -3.05816
844              0      -0.640005       -1.69472              0        1.01309       -3.03293
845              0      -0.633617       -1.45919              0       0.985586       -3.00776
846              0      -0.627272       -1.22042              0       0.958193       -2.98263
847              0      -0.620974       -0.97836              0       0.930907        -2.9575
848              0      -0.614723      -0.732955              0        0.90372       -2.93234
849              0       -0.60852      -0.484155              0       0.876626       -2.90714
850              0      -0.602368      -0.231914              0       0.849618       -2.88186
851              0      -0.596266      0.0238059              0       0.822691       -2.85648
852              0      -0.590217       0.283041              0       0.795837       -2.83097
853              0      -0.584222       0.545819              0       0.769051       -2.80532
854              0      -0.578281       0.812161              0       0.742326        -2.7795
855              0      -0.572397        1.08208              0       0.715656       -2.75349
856              0      -0.566569        1.35559              0       0.689036       -2.72728
857              0        -0.5608        1.63269              0       0.662459       -2.70085
858              0      -0.555089        1.91336              0       0.635921       -2.67417
859              0      -0.553808        2.15757              0       0.613786       -2.60723
860              0      -0.553812         2.3946              0       0.592905        -2.5293
861              0      -0.553814        2.63628              0       0.571988       -2.45223
862              0      -0.553815        2.88258              0       0.551031         -2.376
863              0      -0.553813        3.13343              0       0.530031        -2.3006
864              0       -0.55381        3.38877              0       0.508986       -2.22601
865              0      -0.553806        3.64855              0       0.487893       -2.15221
866              0        -0.5538        3.91266              0       0.466751       -2.07919
867              0      -0.553792        4.18102              0       0.445557       -2.00695
868              0      -0.553783        4.45351              0       0.424311       -1.93547
869              0      -0.553773        4.73002              0       0.403012       -1.86474
870              0      -0.553762        5.01039              0       0.381659       -1.79475
871              0      -0.553751        5.29449              0       0.360253        -1.7255
872              0      -0.553738        5.58214              0       0.338794       -1.65697
873              0      -0.553725        5.87316              0       0.317282       -1.58917
874              0      -0.553711        6.16736              0       0.295719       -1.52207
875              0      -0.553696        6.46451              0       0.274107       -1.45569
876              0      -0.553682        6.76439              0       0.252447       -1.39002
877              0      -0.553667        7.06674              0       0.230741       -1.32505
878              0      -0.553652        7.37132              0       0.208992       -1.26078
879              0      -0.553638        7.67782              0       0.187204        -1.1972
880              0      -0.553623        7.98596              0       0.165378       -1.13433
881              0      -0.553609        8.29542              0        0.14352       -1.07215
882              0      -0.553596        8.60587              0       0.121632       -1.01066
883              0      -0.553583        8.91695              0      0.0997196      -0.949869
884              0      -0.553571         9.2283              0      0.0777863      -0.889774
885              0      -0.553559        9.53954              0      0.0558371      -0.830375
886              0      -0.553549        9.85028              0       0.033877      -0.771673
887              0       -0.55354        10.1601              0       0.011911      -0.713669
888              0      -0.553532        10.4685              0     -0.0100555      -0.656365
889              0      -0.553526        10.7752              0      -0.032017      -0.599762
890              0      -0.553521        11.0796              0     -0.0539678      -0.543863
891              0      -0.553518        11.3813              0     -0.0759021      -0.488668
892              0      -0.553517        11.6799              0     -0.0978138      -0.434181
893              0      -0.553518        11.9747              0      -0.119697      -0.380402
894              0      -0.553521        12.2654              0      -0.141545      -0.327334
895              0      -0.553526        12.5514              0      -0.163353      -0.274979
896              0      -0.553534        12.8322              0      -0.173134      -0.249965
897              0      -0.553544        13.1073              0      -0.172155      -0.249009
898              0      -0.553557        13.3762              0      -0.171185      -0.248029
899              0      -0.553573        13.6384              0      -0.170223      -0.247027
900              0      -0.553591        13.8933              0       -0.16927         -0.246
901              0      -0.553613        14.1406              0      -0.168325      -0.244951
902              0      -0.553638        14.3795              0       -0.16739      -0.243877
903              0      -0.553667        14.6098              0      -0.166462       -0.24278
904              0      -0.553699        14.8308              0      -0.165544      -0.241659
905              0      -0.553735        15.0421              0      -0.164634      -0.240515
906              0      -0.553774        15.2432              0      -0.163733      -0.239346
907              0      -0.553818        15.4337              0       -0.16284      -0.238153
908              0      -0.553865        15.6132              0      -0.161956      -0.236937
909              0      -0.553917        15.7812              0       -0.16108      -0.235696
910              0      -0.553973        15.9374              0      -0.160213      -0.234431
911              0      -0.554034        16.0815              0      -0.159354      -0.233143
912              0      -0.554099         16.213              0      -0.158503       -0.23183
913              0      -0.554168        16.3316              0       -0.15766      -0.230493
914              0      -0.554242        16.4372              0      -0.156825      -0.229133
915              0      -0.554321        16.5293              0      -0.155998      -0.227749
916              0      -0.554405        16.6079              0      -0.155178      -0.226341
917              0      -0.554494        16.6727              0      -0.154366      -0.224909
918              0      -0.554588        16.7236              0      -0.153561      -0.223454
919              0      -0.554686        16.7604              0      -0.152763      -0.221975
920              0       -0.55479        16.7831              0      -0.151973      -0.220473
921              0      -0.554899        16.7916              0      -0.151189      -0.218948
922              0      -0.555013        16.7859              0      -0.150413        -0.2174
923              0      -0.555133        16.7661              0      -0.149643      -0.215829
924              0      -0.555258        16.7321              0       -0.14888      -0.214235
925              0      -0.555388        16.6841              0      -0.148124      -0.212619
926              0      -0.555523        16.6223              0      -0.147374      -0.210981
927              0      -0.555664        16.5467              0       -0.14663      -0.209321
928              0       -0.55581        16.4576              0      -0.145893       -0.20764
929              0      -0.555962        16.3552              0      -0.145163      -0.205937
930              0      -0.556119        16.2397              0      -0.144438      -0.204213
931              0      -0.556281        16.1115              0       -0.14372      -0.202468
932              0      -0.556449        15.9709              0      -0.143008      -0.200702
933              0      -0.556623        15.8181              0      -0.142301      -0.198917
934              0      -0.556801        15.6537              0      -0.141601      -0.197111
935              0      -0.556986        15.4778              0      -0.140907      -0.195286
936              0      -0.557175        15.2911              0      -0.140218      -0.193442
937              0       -0.55737        15.0939              0      -0.139535      -0.191579
938              0       -0.55757        14.8866              0      -0.138858      -0.189698
939              0      -0.557775        14.6697              0      -0.138187      -0.187798
940              0      -0.557986        14.4438              0      -0.137521      -0.185881
941              0      -0.558202        14.2092              0       -0.13686      -0.183947
942              0      -0.558423        13.9664              0      -0.136206      -0.181995
943              0      -0.558649         13.716              0      -0.135556      -0.180028
944              0       -0.55888        13.4585              0      -0.134912      -0.178044
945              0      -0.559116        13.1944              0      -0.134274      -0.176045
946              0      -0.559357        12.9242              0      -0.133641       -0.17403
947              0      -0.559602        12.6483              0      -0.133013      -0.172001
948              0      -0.559853        12.3674              0      -0.132391      -0.169957
949              0      -0.560108        12.0819              0      -0.131774      -0.167899
950              0      -0.560368        11.7922              0      -0.131162      -0.165828
951              0      -0.560633         11.499              0      -0.130555      -0.163745
952              0      -0.560902        11.2026              0      -0.129954      -0.161648
953              0      -0.561175        10.9036              0      -0.129358      -0.159539
954              0      -0.561453        10.6023              0      -0.128768      -0.157419
955              0      -0.561735        10.2993              0      -0.128182      -0.155288
956              0      -0.562021        9.99495              0      -0.127602      -0.153146
957              0      -0.562311        9.68969              0      -0.127027      -0.150994
958              0      -0.562606        9.38392              0      -0.126458      -0.148832
959              0      -0.562904        9.07804              0      -0.125893       -0.14666
960              0      -0.563206        8.77241              0      -0.125334       -0.14448
961              0      -0.563511        8.46739              0      -0.124781      -0.142291
962              0      -0.563821        8.16333              0      -0.124232      -0.140094
963              0      -0.564134        7.86055              0      -0.123689       -0.13789
964              0       -0.56445        7.55936              0      -0.123151      -0.135679
965              0      -0.564769        7.26004              0      -0.122618      -0.133461
966              0      -0.565092        6.96287              0      -0.122091      -0.131237
967              0      -0.565418        6.66811              0      -0.121569      -0.129007
968              0      -0.565747        6.37601              0      -0.121052      -0.126772
969              0      -0.566079        6.08678              0       -0.12054      -0.124532
970              0      -0.566414        5.80063              0      -0.120034      -0.122288
971              0      -0.566752        5.51776              0      -0.119534      -0.120039
972              0      -0.567092        5.23834              0      -0.119038      -0.117787
973              0      -0.567435        4.96254              0      -0.118549      -0.115532
974              0       -0.56778        4.69051              0      -0.118064      -0.113274
975              0      -0.568128        4.42237              0      -0.117585      -0.111013
976              0      -0.568478        4.15826              0      -0.117111      -0.108751
977              0       -0.56883        3.89827              0      -0.116643      -0.106487
978              0      -0.569184         3.6425              0      -0.116181      -0.104221
979              0       -0.56954        3.39103              0      -0.115723      -0.101955
980              0      -0.569898        3.14394              0      -0.115272     -0.0996884
981              0      -0.570258        2.90129              0      -0.114826     -0.0974215
982              0       -0.57062        2.66311              0      -0.114385     -0.0951549
983              0      -0.570983        2.42946              0       -0.11395     -0.0928889
984              0      -0.571348        2.20036              0      -0.113521     -0.0906238
985              0      -0.571714        1.97584              0      -0.113097       -0.08836
986              0      -0.572082         1.7559              0      -0.112679     -0.0860977
987              0      -0.572451        1.54055              0      -0.112266     -0.0838374
988              0      -0.572821        1.32978              0      -0.111859     -0.0815794
989              0      -0.573192        1.12359              0      -0.111457     -0.0793239
990              0      -0.573564       0.921966              0      -0.111062     -0.0770713
991              0      -0.573937       0.724876              0      -0.110672     -0.0748218
992              0      -0.574311       0.532296              0      -0.110287     -0.0725759
993              0      -0.574686       0.344192              0      -0.109909     -0.0703336
994              0      -0.575061       0.160527              0      -0.109536     -0.0680954
995              0      -0.575437     -0.0187428              0      -0.109168     -0.0658616
996              0      -0.575814      -0.193663              0      -0.108807     -0.0636323
997              0      -0.576191      -0.364283              0      -0.108451     -0.0614078
998              0      -0.576568      -0.530656              0      -0.108101     -0.0591884
999              0      -0.576946       -0.69284              0      -0.107756     -0.0569744
1000              0      -0.577323      -0.850892              0      -0.107418     -0.0547659
