1       -10.2281       -10.2281       -1.60083       -10.2281       -10.2281       -0.60084
2       -10.2281       -10.2282        -1.6008       -10.2281       -10.2282      -0.600841
3       -10.2281       -10.2282       -1.60074       -10.2281       -10.2282      -0.600841
4       -10.2281       -10.2283       -1.60066       -10.2281       -10.2283      -0.600841
5       -10.2281       -10.2284       -1.60056       -10.2281       -10.2284      -0.600841
6       -10.2281       -10.2286       -1.60044       -10.2281       -10.2286      -0.600841
7       -10.2281       -10.2287        -1.6003       -10.2281       -10.2287      -0.600841
8       -10.2281       -10.2289       -1.60014       -10.2281       -10.2289      -0.600841
9       -10.2281       -10.2291       -1.59995       -10.2281       -10.2291      -0.600841
10       -10.2281       -10.2294       -1.59975       -10.2281       -10.2294       -0.60084
11       -10.2281       -10.2296       -1.59952       -10.2281       -10.2297      -0.600839
12       -10.2281       -10.2299       -1.59928       -10.2281       -10.2299      -0.600838
13       -10.2281       -10.2302       -1.59902       -10.2281       -10.2303      -0.600835
14       -10.2281       -10.2306       -1.59873       -10.2281       -10.2306      -0.600832
15       -10.2281       -10.2309       -1.59843       -10.2281        -10.231      -0.600828
16       -10.2281       -10.2313       -1.59812       -10.2281       -10.2313      -0.600823
17       -10.2281       -10.2317       -1.59779       -10.2281       -10.2318      -0.600817
18       -10.2281       -10.2322       -1.59744       -10.2281       -10.2322      -0.600809
19       -10.2281       -10.2326       -1.59707       -10.2281       -10.2327        -0.6008
20       -10.2281       -10.2331       -1.59669       -10.2281       -10.2331      -0.600789
21       -10.2281       -10.2336        -1.5963       -10.2281       -10.2336      -0.600776
22       -10.2281       -10.2342        -1.5959       -10.2281       -10.2342      -0.600761
23       -10.2281       -10.2347       -1.59548       -10.2281       -10.2347      -0.600743
24       -10.2281       -10.2353       -1.59505       -10.2281       -10.2353      -0.600723
25       -10.2281       -10.2359       -1.59461       -10.2281       -10.2359      -0.600701
26       -10.2281       -10.2365       -1.59416       -10.2281       -10.2365      -0.600675
27       -10.2281       -10.2371       -1.59371       -10.2281       -10.2372      -0.600646
28       -10.2281       -10.2378       -1.59324       -10.2281       -10.2378      -0.600614
29       -10.2281       -10.2385       -1.59277       -10.2281       -10.2385      -0.600578
30       -10.2281       -10.2392       -1.59229       -10.2281       -10.2392      -0.600538
31       -10.2281       -10.2399        -1.5918       -10.2281         -10.24      -0.600494
32       -10.2281       -10.2407       -1.59131       -10.2281       -10.2407      -0.600445
33       -10.2281       -10.2415       -1.59082       -10.2281       -10.2415      -0.600392
34       -10.2281       -10.2423       -1.59033       -10.2281       -10.2423      -0.600333
35       -10.2281       -10.2431       -1.58983       -10.2281       -10.2431       -0.60027
36       -10.2281       -10.2439       -1.58933       -10.2281        -10.244      -0.600201
37       -10.2281       -10.2448       -1.58883       -10.2281       -10.2448      -0.600126
38       -10.2281       -10.2457       -1.58833       -10.2281       -10.2457      -0.600046
39       -10.2281       -10.2466       -1.58784       -10.2281       -10.2466      -0.599959
40       -10.2281       -10.2475       -1.58734       -10.2281       -10.2475      -0.599866
41       -10.2281       -10.2484       -1.58685       -10.2281       -10.2485      -0.599765
42       -10.2281       -10.2494       -1.58636       -10.2281       -10.2494      -0.599658
43       -10.2281       -10.2503       -1.58588       -10.2281       -10.2504      -0.599544
44       -10.2281       -10.2513        -1.5854       -10.2281       -10.2514      -0.599422
45       -10.2281       -10.2524       -1.58492       -10.2281       -10.2524      -0.599292
46       -10.2281       -10.2534       -1.58446       -10.2281       -10.2534      -0.599154
47       -10.2281       -10.2544         -1.584       -10.2281       -10.2545      -0.599008
48       -10.2281       -10.2555       -1.58355       -10.2281       -10.2556      -0.598854
49       -10.2281       -10.2566       -1.58311       -10.2281       -10.2567       -0.59869
50       -10.2281       -10.2577       -1.58267       -10.2281       -10.2578      -0.598518
51       -10.2281       -10.2588       -1.58225       -10.2281       -10.2589      -0.598337
52       -10.2281         -10.26       -1.58184       -10.2281         -10.26      -0.598147
53       -10.2281       -10.2611       -1.58144       -10.2281       -10.2612      -0.597947
54       -10.2281       -10.2623       -1.58105       -10.2281       -10.2624      -0.597737
55       -10.2281       -10.2635       -1.58067       -10.2281       -10.2636      -0.597518
56       -10.2281       -10.2647       -1.58031       -10.2281       -10.2648      -0.597288
57       -10.2281       -10.2659       -1.57996       -10.2281        -10.266      -0.597049
58       -10.2281       -10.2672       -1.57962       -10.2281       -10.2672      -0.596799
59       -10.2281       -10.2684       -1.57929       -10.2281       -10.2685      -0.596539
60       -10.2281       -10.2697       -1.57898       -10.2281       -10.2698      -0.596268
61       -10.2281        -10.271       -1.57869       -10.2281        -10.271      -0.595987
62       -10.2281       -10.2723       -1.57841       -10.2281       -10.2723      -0.595695
63       -10.2281       -10.2736       -1.57814       -10.2281       -10.2737      -0.595393
64       -10.2281        -10.275       -1.57789       -10.2281        -10.275      -0.595079
65       -10.2281       -10.2763       -1.57765       -10.2281       -10.2763      -0.594756
66       -10.2281       -10.2777       -1.57744       -10.2281       -10.2777      -0.594421
67       -10.2281       -10.2791       -1.57723       -10.2281       -10.2791      -0.594075
68       -10.2281       -10.2805       -1.57705       -10.2281       -10.2805      -0.593719
69       -10.2281       -10.2819       -1.57688       -10.2281       -10.2819      -0.593352
70       -10.2281       -10.2833       -1.57672       -10.2281       -10.2833      -0.592975
71       -10.2281       -10.2847       -1.57658       -10.2281       -10.2847      -0.592586
72       -10.2281       -10.2862       -1.57646       -10.2281       -10.2861      -0.592187
73       -10.2281       -10.2876       -1.57636       -10.2281       -10.2876      -0.591778
74       -10.2281       -10.2891       -1.57627       -10.2281       -10.2891      -0.591358
75       -10.2281       -10.2906       -1.57619       -10.2281       -10.2906      -0.590929
76       -10.2281       -10.2921       -1.57614       -10.2281        -10.292      -0.590488
77       -10.2281       -10.2936       -1.57609       -10.2281       -10.2935      -0.590038
78       -10.2281       -10.2951       -1.57607       -10.2281       -10.2951      -0.589579
79       -10.2281       -10.2967       -1.57606       -10.2281       -10.2966      -0.589109
80       -10.2281       -10.2982       -1.57607       -10.2281       -10.2981       -0.58863
81       -10.2281       -10.2998       -1.57609       -10.2281       -10.2997      -0.588141
82       -10.2281       -10.3013       -1.57612       -10.2281       -10.3012      -0.587644
83       -10.2281       -10.3029       -1.57617       -10.2281       -10.3028      -0.587137
84       -10.2281       -10.3045       -1.57624       -10.2281       -10.3044      -0.586622
85       -10.2281       -10.3061       -1.57632       -10.2281        -10.306      -0.586098
86       -10.2281       -10.3077       -1.57641       -10.2281       -10.3076      -0.585566
87       -10.2281       -10.3094       -1.57651       -10.2281       -10.3092      -0.585026
88       -10.2281        -10.311       -1.57663       -10.2281       -10.3108      -0.584479
89       -10.2281       -10.3126       -1.57676       -10.2281       -10.3125      -0.583923
90       -10.2281       -10.3143        -1.5769       -10.2281       -10.3141       -0.58336
91       -10.2281       -10.3159       -1.57706       -10.2281       -10.3158      -0.582791
92       -10.2281       -10.3176       -1.57722       -10.2281       -10.3174      -0.582214
93       -10.2281       -10.3193        -1.5774       -10.2281       -10.3191      -0.581631
94       -10.2281        -10.321       -1.57758       -10.2281       -10.3208      -0.581041
95       -10.2281       -10.3227       -1.57778       -10.2281       -10.3225      -0.580446
96       -10.2281       -10.3244       -1.57798       -10.2281       -10.3242      -0.579844
97       -10.2281       -10.3261        -1.5782       -10.2281       -10.3259      -0.579237
98       -10.2281       -10.3279       -1.57842       -10.2281       -10.3276      -0.578625
99       -10.2281       -10.3296       -1.57864       -10.2281       -10.3293      -0.578008
100       -10.2281       -10.3313       -1.57888       -10.2281        -10.331      -0.577386
101       -10.2281       -10.3331       -1.57912       -10.2281       -10.3328      -0.576759
102       -10.2281       -10.3348       -1.57936       -10.2281       -10.3345      -0.576128
103       -10.2281       -10.3366       -1.57962       -10.2281       -10.3363      -0.575493
104       -10.2281       -10.3384       -1.57987       -10.2281        -10.338      -0.574854
105       -10.2281       -10.3402       -1.58013       -10.2281       -10.3398      -0.574211
106       -10.2281       -10.3419       -1.58039       -10.2281       -10.3416      -0.573565
107       -10.2281       -10.3437       -1.58066       -10.2281       -10.3433      -0.572916
108       -10.2281       -10.3455       -1.58092       -10.2281       -10.3451      -0.572264
109       -10.2281       -10.3473       -1.58119       -10.2281       -10.3469      -0.571608
110       -10.2281       -10.3492       -1.58146       -10.2281       -10.3487      -0.570951
111       -10.2281        -10.351       -1.58173       -10.2281       -10.3505       -0.57029
112       -10.2281       -10.3528       -1.58199       -10.2281       -10.3523      -0.569628
113       -10.2281       -10.3546       -1.58226       -10.2281       -10.3541      -0.568963
114       -10.2281       -10.3565       -1.58252       -10.2281        -10.356      -0.568297
115       -10.2281       -10.3583       -1.58279       -10.2281       -10.3578      -0.567628
116       -10.2281       -10.3602       -1.58304       -10.2281       -10.3596      -0.566958
117       -10.2281        -10.362        -1.5833       -10.2281       -10.3615      -0.566287
118       -10.2281       -10.3639       -1.58355       -10.2281       -10.3633      -0.565614
119       -10.2281       -10.3657       -1.58379       -10.2281       -10.3651       -0.56494
120       -10.2281       -10.3676       -1.58403       -10.2281        -10.367      -0.564264
121       -10.2281       -10.3695       -1.58427       -10.2281       -10.3688      -0.563588
122       -10.2281       -10.3714       -1.58449       -10.2281       -10.3707       -0.56291
123       -10.2281       -10.3732       -1.58471       -10.2281       -10.3726      -0.562231
124       -10.2281       -10.3751       -1.58492       -10.2281       -10.3744      -0.561552
125       -10.2281        -10.377       -1.58513       -10.2281       -10.3763      -0.560872
126       -10.2281       -10.3789       -1.58532       -10.2281       -10.3782      -0.560191
127       -10.2281       -10.3808       -1.58551       -10.2281         -10.38      -0.559509
128       -10.2281       -10.3827       -1.58568       -10.2281       -10.3819      -0.558827
129       -10.2281       -10.3846       -1.58585       -10.2281       -10.3838      -0.558144
130       -10.2281       -10.3865         -1.586       -10.2281       -10.3857      -0.557461
131       -10.2281       -10.3884       -1.58614       -10.2281       -10.3876      -0.556777
132       -10.2281       -10.3904       -1.58628       -10.2281       -10.3895      -0.556092
133       -10.2281       -10.3923        -1.5864       -10.2281       -10.3914      -0.555407
134       -10.2281       -10.3942        -1.5865       -10.2281       -10.3933      -0.554721
135       -10.2281       -10.3961        -1.5866       -10.2281       -10.3952      -0.554035
136       -10.2281       -10.3981       -1.58668       -10.2281       -10.3971      -0.553348
137       -10.2281          -10.4       -1.58675       -10.2281        -10.399       -0.55266
138       -10.2281       -10.4019        -1.5868       -10.2281       -10.4009      -0.551972
139       -10.2281       -10.4039       -1.58684       -10.2281       -10.4028      -0.551283
140       -10.2281       -10.4058       -1.58687       -10.2281       -10.4047      -0.550594
141       -10.2281       -10.4078       -1.58688       -10.2281       -10.4067      -0.549903
142       -10.2281       -10.4097       -1.58688       -10.2281       -10.4086      -0.549212
143       -10.2281       -10.4116       -1.58686       -10.2281       -10.4105       -0.54852
144       -10.2281       -10.4136       -1.58682       -10.2281       -10.4124      -0.547827
145       -10.2281       -10.4155       -1.58678       -10.2281       -10.4144      -0.547134
146       -10.2281       -10.4175       -1.58671       -10.2281       -10.4163      -0.546439
147       -10.2281       -10.4195       -1.58664       -10.2281       -10.4182      -0.545743
148       -10.2281       -10.4214       -1.58654       -10.2281       -10.4202      -0.545046
149       -10.2281       -10.4234       -1.58643       -10.2281       -10.4221      -0.544347
150       -10.2281       -10.4253       -1.58631       -10.2281       -10.4241      -0.543647
151       -10.2281       -10.4273       -1.58617       -10.2281        -10.426      -0.542946
152       -10.2281       -10.4293       -1.58601       -10.2281       -10.4279      -0.542244
153       -10.2281       -10.4312       -1.58584       -10.2281       -10.4299      -0.541539
154       -10.2281       -10.4332       -1.58566       -10.2281       -10.4318      -0.540833
155       -10.2281       -10.4352       -1.58546       -10.2281       -10.4338      -0.540126
156       -10.2281       -10.4372       -1.58524       -10.2281       -10.4357      -0.539416
157       -10.2281       -10.4392       -1.58501       -10.2281       -10.4377      -0.538705
158       -10.2281       -10.4411       -1.58476       -10.2281       -10.4397      -0.537991
159       -10.2281       -10.4431        -1.5845       -10.2281       -10.4416      -0.537276
160       -10.2281       -10.4451       -1.58423       -10.2281       -10.4436      -0.536558
161       -10.2281       -10.4471       -1.58394       -10.2281       -10.4456      -0.535837
162       -10.2281       -10.4491       -1.58363       -10.2281       -10.4475      -0.535115
163       -10.2281       -10.4511       -1.58331       -10.2281       -10.4495       -0.53439
164       -10.2281       -10.4531       -1.58298       -10.2281       -10.4515      -0.533662
165       -10.2281        -10.455       -1.58264       -10.2281       -10.4534      -0.532931
166       -10.2281        -10.457       -1.58228       -10.2281       -10.4554      -0.532198
167       -10.2281        -10.459       -1.58191       -10.2281       -10.4574      -0.531462
168       -10.2281        -10.461       -1.58153       -10.2281       -10.4594      -0.530722
169       -10.2281        -10.463       -1.58113       -10.2281       -10.4613       -0.52998
170       -10.2281        -10.465       -1.58073       -10.2281       -10.4633      -0.529234
171       -10.2281       -10.4671       -1.58031       -10.2281       -10.4653      -0.528485
172       -10.2281       -10.4691       -1.57988       -10.2281       -10.4673      -0.527733
173       -10.2281       -10.4711       -1.57944       -10.2281       -10.4693      -0.526977
174       -10.2281       -10.4731       -1.57898       -10.2281       -10.4713      -0.526217
175       -10.2281       -10.4751       -1.57852       -10.2281       -10.4733      -0.525454
176       -10.2281       -10.4771       -1.57805       -10.2281       -10.4753      -0.524687
177       -10.2281       -10.4791       -1.57757       -10.2281       -10.4772      -0.523916
178       -10.2281       -10.4811       -1.57708       -10.2281       -10.4792      -0.523141
179       -10.2281       -10.4832       -1.57658       -10.2281       -10.4812      -0.522362
180       -10.2281       -10.4852       -1.57607       -10.2281       -10.4832       -0.52158
181       -10.2281       -10.4872       -1.57556       -10.2281       -10.4852      -0.520792
182       -10.2281       -10.4892       -1.57503       -10.2281       -10.4872      -0.520001
183       -10.2281       -10.4912        -1.5745       -10.2281       -10.4892      -0.519205
184       -10.2281       -10.4933       -1.57396       -10.2281       -10.4913      -0.518405
185       -10.2281       -10.4953       -1.57342       -10.2281       -10.4933        -0.5176
186       -10.2281       -10.4973       -1.57287       -10.2281       -10.4953      -0.516791
187       -10.2281       -10.4994       -1.57231       -10.2281       -10.4973      -0.515977
188       -10.2281       -10.5014       -1.57175       -10.2281       -10.4993      -0.515159
189       -10.2281       -10.5034       -1.57118       -10.2281       -10.5013      -0.514336
190       -10.2281       -10.5055       -1.57061       -10.2281       -10.5033      -0.513508
191       -10.2281       -10.5075       -1.57003       -10.2281       -10.5053      -0.512676
192       -10.2281       -10.5095       -1.56945       -10.2281       -10.5074      -0.511838
193       -10.2281       -10.5116       -1.56887       -10.2281       -10.5094      -0.510996
194       -10.2281       -10.5136       -1.56828       -10.2281       -10.5114      -0.510149
195       -10.2281       -10.5157       -1.56769       -10.2281       -10.5134      -0.509296
196       -10.2281       -10.5177       -1.56709       -10.2281       -10.5154      -0.508439
197       -10.2281       -10.5197       -1.56649       -10.2281       -10.5175      -0.507577
198       -10.2281       -10.5218       -1.56589       -10.2281       -10.5195       -0.50671
199       -10.2281       -10.5238       -1.56529       -10.2281       -10.5215      -0.505838
200       -10.2281       -10.5259       -1.56469       -10.2281       -10.5235      -0.504961
201       -10.2281       -10.5279       -1.56409       -10.2281       -10.5256      -0.504079
202       -10.2281         -10.53       -1.56348       -10.2281       -10.5276      -0.503192
203       -10.2281        -10.532       -1.56288       -10.2281       -10.5296        -0.5023
204       -10.2281       -10.5341       -1.56227       -10.2281       -10.5317      -0.501403
205       -10.2281       -10.5361       -1.56167       -10.2281       -10.5337      -0.500501
206       -10.2281       -10.5382       -1.56106       -10.2281       -10.5357      -0.499593
207       -10.2281       -10.5402       -1.56046       -10.2281       -10.5378      -0.498681
208       -10.2281       -10.5423       -1.55985       -10.2281       -10.5398      -0.497764
209       -10.2281       -10.5444       -1.55925       -10.2281       -10.5418      -0.496842
210       -10.2281       -10.5464       -1.55864       -10.2281       -10.5439      -0.495915
211       -10.2281       -10.5485       -1.55804       -10.2281       -10.5459      -0.494984
212       -10.2281       -10.5505       -1.55744       -10.2281        -10.548      -0.494047
213       -10.2281       -10.5526       -1.55685       -10.2281         -10.55      -0.493106
214       -10.2281       -10.5546       -1.55625       -10.2281        -10.552       -0.49216
215       -10.2281       -10.5567       -1.55566       -10.2281       -10.5541      -0.491209
216       -10.2281       -10.5588       -1.55507       -10.2281       -10.5561      -0.490253
217       -10.2281       -10.5608       -1.55448       -10.2281       -10.5582      -0.489293
218       -10.2281       -10.5629       -1.55389       -10.2281       -10.5602      -0.488329
219       -10.2281        -10.565       -1.55331       -10.2281       -10.5623       -0.48736
220       -10.2281        -10.567       -1.55273       -10.2281       -10.5643      -0.486387
221       -10.2281       -10.5691       -1.55215       -10.2281       -10.5664      -0.485409
222       -10.2281       -10.5711       -1.55158       -10.2281       -10.5684      -0.484427
223       -10.2281       -10.5732       -1.55101       -10.2281       -10.5705      -0.483442
224       -10.2281       -10.5753       -1.55044       -10.2281       -10.5725      -0.482452
225       -10.2281       -10.5774       -1.54988       -10.2281       -10.5746      -0.481458
226       -10.2281       -10.5794       -1.54932       -10.2281       -10.5766      -0.480461
227       -10.2281       -10.5815       -1.54876       -10.2281       -10.5787      -0.479459
228       -10.2281       -10.5836       -1.54821       -10.2281       -10.5807      -0.478455
229       -10.2281       -10.5856       -1.54767       -10.2281       -10.5828      -0.477446
230       -10.2281       -10.5877       -1.54713       -10.2281       -10.5848      -0.476435
231       -10.2281       -10.5898       -1.54659       -10.2281       -10.5869      -0.475421
232       -10.2281       -10.5918       -1.54605       -10.2281       -10.5889      -0.474403
233       -10.2281       -10.5939       -1.54553       -10.2281        -10.591      -0.473383
234       -10.2281        -10.596         -1.545       -10.2281        -10.593       -0.47236
235       -10.2281       -10.5981       -1.54448       -10.2281       -10.5951      -0.471335
236       -10.2281       -10.6001       -1.54397       -10.2281       -10.5971      -0.470307
237       -10.2281       -10.6022       -1.54346       -10.2281       -10.5992      -0.469278
238       -10.2281       -10.6043       -1.54295       -10.2281       -10.6013      -0.468247
239       -10.2281       -10.6064       -1.54245       -10.2281       -10.6033      -0.467214
240       -10.2281       -10.6085       -1.54196       -10.2281       -10.6054       -0.46618
241       -10.2281       -10.6105       -1.54147       -10.2281       -10.6075      -0.465145
242       -10.2281       -10.6126       -1.54098       -10.2281       -10.6095      -0.464109
243       -10.2281       -10.6147        -1.5405       -10.2281       -10.6116      -0.463073
244       -10.2281       -10.6168       -1.54003       -10.2281       -10.6137      -0.462037
245       -10.2281       -10.6189       -1.53956       -10.2281       -10.6157      -0.461001
246       -10.2281        -10.621        -1.5391       -10.2281       -10.6178      -0.459965
247       -10.2281        -10.623       -1.53864       -10.2281       -10.6199      -0.458931
248       -10.2281       -10.6251       -1.53819       -10.2281       -10.6219      -0.457898
249       -10.2281       -10.6272       -1.53774       -10.2281        -10.624      -0.456867
250       -10.2281       -10.6293       -1.53729       -10.2281       -10.6261      -0.455838
251       -10.2281       -10.6314       -1.53685       -10.2281       -10.6282      -0.454812
252       -10.2281       -10.6335       -1.53642       -10.2281       -10.6302      -0.453789
253       -10.2281       -10.6356       -1.53599       -10.2281       -10.6323       -0.45277
254       -10.2281       -10.6377       -1.53557       -10.2281       -10.6344      -0.451755
255       -10.2281       -10.6398       -1.53515       -10.2281       -10.6365      -0.450745
256       -10.2281       -10.6419       -1.53473       -10.2281       -10.6385       -0.44974
257       -10.2281        -10.644       -1.53432       -10.2281       -10.6406      -0.448742
258       -10.2281       -10.6461       -1.53392       -10.2281       -10.6427       -0.44775
259       -10.2281       -10.6482       -1.53351       -10.2281       -10.6448      -0.446766
260       -10.2281       -10.6503       -1.53312       -10.2281       -10.6469      -0.445789
261       -10.2281       -10.6524       -1.53272       -10.2281        -10.649      -0.444822
262       -10.2281       -10.6545       -1.53233       -10.2281        -10.651      -0.443864
263       -10.2281       -10.6566       -1.53195       -10.2281       -10.6531      -0.442917
264       -10.2281       -10.6587       -1.53157       -10.2281       -10.6552      -0.441981
265       -10.2281       -10.6608       -1.53119       -10.2281       -10.6573      -0.441057
266       -10.2281       -10.6629       -1.53082       -10.2281       -10.6594      -0.440147
267       -10.2281        -10.665       -1.53045       -10.2281       -10.6615       -0.43925
268       -10.2281       -10.6671       -1.53009       -10.2281       -10.6636      -0.438369
269       -10.2281       -10.6692       -1.52972       -10.2281       -10.6657      -0.437503
270       -10.2281       -10.6713       -1.52937       -10.2281       -10.6677      -0.436655
271       -10.2281       -10.6734       -1.52901       -10.2281       -10.6698      -0.435825
272       -10.2281       -10.6755       -1.52866       -10.2281       -10.6719      -0.435015
273       -10.2281       -10.6776       -1.52832       -10.2281        -10.674      -0.434224
274       -10.2281       -10.6797       -1.52798       -10.2281       -10.6761      -0.433456
275       -10.2281       -10.6818       -1.52764       -10.2281       -10.6782       -0.43271
276       -10.2281       -10.6839        -1.5273       -10.2281       -10.6803      -0.431989
277       -10.2281        -10.686       -1.52697       -10.2281       -10.6824      -0.431293
278       -10.2281       -10.6881       -1.52664       -10.2281       -10.6845      -0.430624
279       -10.2281       -10.6902       -1.52632       -10.2281       -10.6866      -0.429983
280       -10.2281       -10.6924         -1.526       -10.2281       -10.6887      -0.429371
281       -10.2281       -10.6945       -1.52568       -10.2281       -10.6908       -0.42879
282       -10.2281       -10.6966       -1.52536       -10.2281       -10.6929      -0.428242
283       -10.2281       -10.6987       -1.52505       -10.2281        -10.695      -0.427727
284       -10.2281       -10.7008       -1.52474       -10.2281       -10.6971      -0.427246
285       -10.2281       -10.7029       -1.52444       -10.2281       -10.6992      -0.426802
286       -10.2281        -10.705       -1.52414       -10.2281       -10.7013      -0.426396
287       -10.2281       -10.7071       -1.52384       -10.2281       -10.7034      -0.426029
288       -10.2281       -10.7092       -1.52355       -10.2281       -10.7055      -0.425702
289       -10.2281       -10.7113       -1.52325       -10.2281       -10.7076      -0.425416
290       -10.2281       -10.7135       -1.52297       -10.2281       -10.7097      -0.425174
291       -10.2281       -10.7156       -1.52268       -10.2281       -10.7118      -0.424976
292       -10.2281       -10.7177        -1.5224       -10.2281       -10.7139      -0.424824
293       -10.2281       -10.7198       -1.52212       -10.2281        -10.716      -0.424718
294       -10.2281       -10.7219       -1.52185       -10.2281       -10.7181       -0.42466
295       -10.2281        -10.724       -1.52158       -10.2281       -10.7202      -0.424651
296       -10.2281       -10.7261       -1.52131       -10.2281       -10.7223      -0.424691
297       -10.2281         10.728       -1.52104       -10.2281       -10.7244      -0.424783
298       -10.2281        10.7259       -1.52078       -10.2281       -10.7265      -0.424926
299       -10.2281        10.7238       -1.52052       -10.2281        10.7277      -0.425121
300       -10.2281        10.7217       -1.52027       -10.2281        10.7256      -0.425369
301       -10.2281        10.7196       -1.52002       -10.2281        10.7235       -0.42567
302       -10.2281        10.7175       -1.51977       -10.2281        10.7214      -0.426026
303       -10.2281        10.7153       -1.51953       -10.2281        10.7193      -0.426436
304       -10.2281        10.7132       -1.51929       -10.2281        10.7172        -0.4269
305       -10.2281        10.7111       -1.51905       -10.2281        10.7151      -0.427419
306       -10.2281         10.709       -1.51882       -10.2281         10.713      -0.427992
307       -10.2281        10.7069       -1.51859       -10.2281        10.7109      -0.428621
308       -10.2281        10.7048       -1.51837       -10.2281        10.7088      -0.429303
309       -10.2281        10.7027       -1.51815       -10.2281        10.7066      -0.430039
310       -10.2281        10.7005       -1.51794       -10.2281        10.7045      -0.430829
311       -10.2281        10.6984       -1.51772       -10.2281        10.7024      -0.431672
312       -10.2281        10.6963       -1.51752       -10.2281        10.7003      -0.432567
313       -10.2281        10.6942       -1.51732       -10.2281        10.6982      -0.433514
314       -10.2281        10.6921       -1.51712       -10.2281        10.6961      -0.434512
315       -10.2281          10.69       -1.51692       -10.2281         10.694      -0.435559
316       -10.2281        10.6878       -1.51674       -10.2281        10.6919      -0.436655
317       -10.2281        10.6857       -1.51655       -10.2281        10.6898      -0.437799
318       -10.2281        10.6836       -1.51638       -10.2281        10.6877      -0.438989
319       -10.2281        10.6815        -1.5162       -10.2281        10.6856      -0.440225
320       -10.2281        10.6794       -1.51604       -10.2281        10.6834      -0.441504
321       -10.2281        10.6772       -1.51588       -10.2281        10.6813      -0.442826
322       -10.2281        10.6751       -1.51572       -10.2281        10.6792      -0.444188
323       -10.2281         10.673       -1.51558       -10.2281        10.6771       -0.44559
324       -10.2281        10.6709       -1.51543       -10.2281         10.675       -0.44703
325       -10.2281        10.6688        -1.5153       -10.2281        10.6729      -0.448507
326       -10.2281        10.6666       -1.51517       -10.2281        10.6708      -0.450018
327       -10.2281        10.6645       -1.51505       -10.2281        10.6686      -0.451563
328       -10.2281        10.6624       -1.51494       -10.2281        10.6665      -0.453139
329       -10.2281        10.6603       -1.51483       -10.2281        10.6644      -0.454745
330       -10.2281        10.6581       -1.51473       -10.2281        10.6623      -0.456379
331       -10.2281         10.656       -1.51464       -10.2281        10.6602       -0.45804
332       -10.2281        10.6539       -1.51456       -10.2281        10.6581      -0.459726
333       -10.2281        10.6518       -1.51449       -10.2281        10.6559      -0.461436
334       -10.2281        10.6496       -1.51443       -10.2281        10.6538      -0.463167
335       -10.2281        10.6475       -1.51438       -10.2281        10.6517      -0.464918
336       -10.2281        10.6454       -1.51433       -10.2281        10.6496      -0.466687
337       -10.2281        10.6433        -1.5143       -10.2281        10.6475      -0.468473
338       -10.2281        10.6411       -1.51428       -10.2281        10.6453      -0.470275
339       -10.2281         10.639       -1.51427       -10.2281        10.6432       -0.47209
340       -10.2281        10.6369       -1.51427       -10.2281        10.6411      -0.473917
341       -10.2281        10.6347       -1.51429       -10.2281         10.639      -0.475755
342       -10.2281        10.6326       -1.51431       -10.2281        10.6369      -0.477602
343       -10.2281        10.6305       -1.51435       -10.2281        10.6347      -0.479456
344       -10.2281        10.6284        -1.5144       -10.2281        10.6326      -0.481317
345       -10.2281        10.6262       -1.51447       -10.2281        10.6305      -0.483182
346       -10.2281        10.6241       -1.51455       -10.2281        10.6284       -0.48505
347       -10.2281         10.622       -1.51464       -10.2281        10.6263       -0.48692
348       -10.2281        10.6198       -1.51475       -10.2281        10.6241      -0.488791
349       -10.2281        10.6177       -1.51488       -10.2281         10.622      -0.490661
350       -10.2281        10.6156       -1.51502       -10.2281        10.6199      -0.492528
351       -10.2281        10.6135       -1.51518       -10.2281        10.6178      -0.494392
352       -10.2281        10.6113       -1.51536       -10.2281        10.6157      -0.496252
353       -10.2281        10.6092       -1.51555       -10.2281        10.6135      -0.498105
354       -10.2281        10.6071       -1.51577       -10.2281        10.6114      -0.499951
355       -10.2281         10.605         -1.516       -10.2281        10.6093      -0.501789
356       -10.2281        10.6028       -1.51625       -10.2281        10.6072      -0.503617
357       -10.2281        10.6007       -1.51652       -10.2281        10.6051      -0.505434
358       -10.2281        10.5986       -1.51682       -10.2281         10.603      -0.507239
359       -10.2281        10.5965       -1.51713       -10.2281        10.6008      -0.509032
360       -10.2281        10.5943       -1.51747       -10.2281        10.5987       -0.51081
361       -10.2281        10.5922       -1.51783       -10.2281        10.5966      -0.512573
362       -10.2281        10.5901       -1.51821       -10.2281        10.5945       -0.51432
363       -10.2281         10.588       -1.51861       -10.2281        10.5924       -0.51605
364       -10.2281        10.5858       -1.51904       -10.2281        10.5903      -0.517762
365       -10.2281        10.5837        -1.5195       -10.2281        10.5882      -0.519455
366       -10.2281        10.5816       -1.51998       -10.2281         10.586      -0.521128
367       -10.2281        10.5795       -1.52048       -10.2281        10.5839       -0.52278
368       -10.2281        10.5774       -1.52101       -10.2281        10.5818      -0.524411
369       -10.2281        10.5753       -1.52157       -10.2281        10.5797      -0.526019
370       -10.2281        10.5731       -1.52215       -10.2281        10.5776      -0.527604
371       -10.2281         10.571       -1.52277       -10.2281        10.5755      -0.529165
372       -10.2281        10.5689       -1.52341       -10.2281        10.5734      -0.530702
373       -10.2281        10.5668       -1.52408       -10.2281        10.5713      -0.532213
374       -10.2281        10.5647       -1.52478       -10.2281        10.5692      -0.533698
375       -10.2281        10.5626        -1.5255       -10.2281        10.5671      -0.535157
376       -10.2281        10.5605       -1.52626       -10.2281         10.565      -0.536588
377       -10.2281        10.5584       -1.52705       -10.2281        10.5629      -0.537992
378       -10.2281        10.5562       -1.52787       -10.2281        10.5608      -0.539368
379       -10.2281        10.5541       -1.52871       -10.2281        10.5587      -0.540715
380       -10.2281         10.552       -1.52959       -10.2281        10.5566      -0.542034
381       -10.2281        10.5499        -1.5305       -10.2281        10.5545      -0.543323
382       -10.2281        10.5478       -1.53145       -10.2281        10.5524      -0.544583
383       -10.2281        10.5457       -1.53242       -10.2281        10.5503      -0.545813
384       -10.2281        10.5436       -1.53342       -10.2281        10.5483      -0.547012
385       -10.2281        10.5415       -1.53446       -10.2281        10.5462      -0.548182
386       -10.2281        10.5394       -1.53553       -10.2281        10.5441      -0.549321
387       -10.2281        10.5373       -1.53662       -10.2281         10.542       -0.55043
388       -10.2281        10.5352       -1.53776       -10.2281        10.5399      -0.551508
389       -10.2281        10.5331       -1.53892       -10.2281        10.5378      -0.552556
390       -10.2281         10.531       -1.54011       -10.2281        10.5358      -0.553573
391       -10.2281         10.529       -1.54133       -10.2281        10.5337       -0.55456
392       -10.2281        10.5269       -1.54259       -10.2281        10.5316      -0.555517
393       -10.2281        10.5248       -1.54387       -10.2281        10.5295      -0.556444
394       -10.2281        10.5227       -1.54519       -10.2281        10.5275       -0.55734
395       -10.2281        10.5206       -1.54653       -10.2281        10.5254      -0.558207
396       -10.2281        10.5185        -1.5479       -10.2281        10.5233      -0.559045
397       -10.2281        10.5164        -1.5493       -10.2281        10.5212      -0.559854
398       -10.2281        10.5143       -1.55073       -10.2281        10.5192      -0.560634
399       -10.2281        10.5123       -1.55218       -10.2281        10.5171      -0.561386
400       -10.2281        10.5102       -1.55366       -10.2281         10.515      -0.562109
401       -10.2281        10.5081       -1.55516       -10.2281         10.513      -0.562806
402       -10.2281         10.506       -1.55668       -10.2281        10.5109      -0.563475
403       -10.2281         10.504       -1.55823       -10.2281        10.5089      -0.564118
404       -10.2281        10.5019       -1.55979       -10.2281        10.5068      -0.564734
405       -10.2281        10.4998       -1.56138       -10.2281        10.5047      -0.565326
406       -10.2281        10.4977       -1.56298       -10.2281        10.5027      -0.565892
407       -10.2281        10.4957        -1.5646       -10.2281        10.5006      -0.566434
408       -10.2281        10.4936       -1.56623       -10.2281        10.4986      -0.566952
409       -10.2281        10.4915       -1.56788       -10.2281        10.4965      -0.567447
410       -10.2281        10.4895       -1.56954       -10.2281        10.4945       -0.56792
411       -10.2281        10.4874       -1.57121       -10.2281        10.4924      -0.568371
412       -10.2281        10.4853       -1.57289       -10.2281        10.4904        -0.5688
413       -10.2281        10.4833       -1.57458       -10.2281        10.4884      -0.569209
414       -10.2281        10.4812       -1.57627       -10.2281        10.4863      -0.569597
415       -10.2281        10.4792       -1.57797       -10.2281        10.4843      -0.569967
416       -10.2281        10.4771       -1.57966       -10.2281        10.4823      -0.570317
417       -10.2281        10.4751       -1.58136       -10.2281        10.4802       -0.57065
418       -10.2281         10.473       -1.58305       -10.2281        10.4782      -0.570965
419       -10.2281         10.471       -1.58474       -10.2281        10.4762      -0.571264
420       -10.2281        10.4689       -1.58642       -10.2281        10.4741      -0.571546
421       -10.2281        10.4669        -1.5881       -10.2281        10.4721      -0.571813
422       -10.2281        10.4648       -1.58975       -10.2281        10.4701      -0.572065
423       -10.2281        10.4628        -1.5914       -10.2281        10.4681      -0.572303
424       -10.2281        10.4608       -1.59302       -10.2281         10.466      -0.572528
425       -10.2281        10.4587       -1.59463       -10.2281         10.464      -0.572739
426       -10.2281        10.4567       -1.59621       -10.2281         10.462      -0.572938
427       -10.2281        10.4547       -1.59777       -10.2281          10.46      -0.573126
428       -10.2281        10.4526        -1.5993       -10.2281         10.458      -0.573302
429       -10.2281        10.4506        -1.6008       -10.2281         10.456      -0.573468
430       -10.2281        10.4486       -1.60226       -10.2281         10.454      -0.573624
431       -10.2281        10.4466       -1.60368       -10.2281         10.452      -0.573771
432       -10.2281        10.4445       -1.60507       -10.2281          10.45      -0.573909
433       -10.2281        10.4425       -1.60641       -10.2281         10.448      -0.574039
434       -10.2281        10.4405        -1.6077       -10.2281         10.446       -0.57416
435       -10.2281        10.4385       -1.60894       -10.2281         10.444      -0.574275
436       -10.2281        10.4365       -1.61013       -10.2281         10.442      -0.574383
437       -10.2281        10.4345       -1.61126       -10.2281          10.44      -0.574485
438       -10.2281        10.4325       -1.61233       -10.2281         10.438      -0.574581
439       -10.2281        10.4305       -1.61334       -10.2281        10.4361      -0.574672
440       -10.2281        10.4285       -1.61429       -10.2281        10.4341      -0.574759
441       -10.2281        10.4265       -1.61516       -10.2281        10.4321      -0.574841
442       -10.2281        10.4245       -1.61597       -10.2281        10.4301      -0.574919
443       -10.2281        10.4225        -1.6167       -10.2281        10.4282      -0.574993
444       -10.2281        10.4205       -1.61735       -10.2281        10.4262      -0.575065
445       -10.2281        10.4185       -1.61793       -10.2281        10.4242      -0.575134
446       -10.2281        10.4165       -1.61843       -10.2281        10.4223      -0.575201
447       -10.2281        10.4146       -1.61885       -10.2281        10.4203      -0.575265
448       -10.2281        10.4126       -1.61919       -10.2281        10.4184      -0.575329
449       -10.2281        10.4106       -1.61944       -10.2281        10.4164      -0.575391
450       -10.2281        10.4086       -1.61961       -10.2281        10.4145      -0.575452
451       -10.2281        10.4067        -1.6197       -10.2281        10.4125      -0.575512
452       -10.2281        10.4047        -1.6197       -10.2281        10.4106      -0.575573
453       -10.2281        10.4027       -1.61962       -10.2281        10.4086      -0.575633
454       -10.2281        10.4008       -1.61945       -10.2281        10.4067      -0.575693
455       -10.2281        10.3988        -1.6192       -10.2281        10.4048      -0.575754
456       -10.2281        10.3969       -1.61887       -10.2281        10.4028      -0.575816
457       -10.2281        10.3949       -1.61846       -10.2281        10.4009      -0.575879
458       -10.2281         10.393       -1.61796       -10.2281         10.399      -0.575943
459       -10.2281         10.391        -1.6174       -10.2281        10.3971      -0.576008
460       -10.2281        10.3891       -1.61675       -10.2281        10.3952      -0.576075
461       -10.2281        10.3872       -1.61604       -10.2281        10.3932      -0.576143
462       -10.2281        10.3852       -1.61525       -10.2281        10.3913      -0.576213
463       -10.2281        10.3833       -1.61439       -10.2281        10.3894      -0.576285
464       -10.2281        10.3814       -1.61347       -10.2281        10.3875      -0.576359
465       -10.2281        10.3794       -1.61249       -10.2281        10.3856      -0.576435
466       -10.2281        10.3775       -1.61145       -10.2281        10.3837      -0.576513
467       -10.2281        10.3756       -1.61036       -10.2281        10.3818      -0.576593
468       -10.2281        10.3737       -1.60921       -10.2281        10.3799      -0.576676
469       -10.2281        10.3718       -1.60801       -10.2281         10.378       -0.57676
470       -10.2281        10.3698       -1.60676       -10.2281        10.3762      -0.576847
471       -10.2281        10.3679       -1.60548       -10.2281        10.3743      -0.576936
472       -10.2281         10.366       -1.60415       -10.2281        10.3724      -0.577026
473       -10.2281        10.3641       -1.60279       -10.2281        10.3705      -0.577119
474       -10.2281        10.3622       -1.60139       -10.2281        10.3686      -0.577213
475       -10.2281        10.3603       -1.59996       -10.2281        10.3668      -0.577309
476       -10.2281        10.3584       -1.59851       -10.2281        10.3649      -0.577406
477       -10.2281        10.3565       -1.59703       -10.2281         10.363      -0.577505
478       -10.2281        10.3547       -1.59553       -10.2281        10.3612      -0.577605
479       -10.2281        10.3528       -1.59402       -10.2281        10.3593      -0.577705
480       -10.2281        10.3509       -1.59249       -10.2281        10.3575      -0.577806
481       -10.2281         10.349       -1.59095       -10.2281        10.3556      -0.577908
482       -10.2281        10.3471       -1.58939       -10.2281        10.3538      -0.578009
483       -10.2281        10.3452       -1.58783       -10.2281        10.3519       -0.57811
484       -10.2281        10.3434       -1.58627       -10.2281        10.3501      -0.578211
485       -10.2281        10.3415        -1.5847       -10.2281        10.3483       -0.57831
486       -10.2281        10.3396       -1.58314       -10.2281        10.3464      -0.578408
487       -10.2281        10.3378       -1.58158       -10.2281        10.3446      -0.578504
488       -10.2281        10.3359       -1.58002       -10.2281        10.3428      -0.578597
489       -10.2281        10.3341       -1.57847       -10.2281        10.3409      -0.578688
490       -10.2281        10.3322       -1.57693       -10.2281        10.3391      -0.578776
491       -10.2281        10.3303        -1.5754       -10.2281        10.3373       -0.57886
492       -10.2281        10.3285       -1.57388       -10.2281        10.3355      -0.578939
493       -10.2281        10.3266       -1.57238       -10.2281        10.3337      -0.579014
494       -10.2281        10.3248        -1.5709       -10.2281        10.3319      -0.579084
495       -10.2281         10.323       -1.56944       -10.2281        10.3301      -0.579148
496       -10.2281        10.3211         -1.568       -10.2281        10.3283      -0.579205
497       -10.2281        10.3193       -1.56657       -10.2281        10.3265      -0.579255
498       -10.2281        10.3174       -1.56518       -10.2281        10.3247      -0.579298
499       -10.2281        10.3156       -1.56381       -10.2281        10.3229      -0.579332
500       -10.2281        10.3138       -1.56246       -10.2281        10.3211      -0.579357
501       -10.2281         10.312       -1.56115       -10.2281        10.3193      -0.579374
502       -10.2281        10.3101       -1.55986       -10.2281        10.3175       -0.57938
503       -10.2281        10.3083       -1.55861       -10.2281        10.3157      -0.579375
504       -10.2281        10.3065       -1.55739       -10.2281         10.314       -0.57936
505       -10.2281        10.3047        -1.5562       -10.2281        10.3122      -0.579332
506       -10.2281        10.3028       -1.55505       -10.2281        10.3104      -0.579292
507       -10.2281         10.301       -1.55393       -10.2281        10.3087       -0.57924
508       -10.2281        10.2992       -1.55285       -10.2281        10.3069      -0.579174
509       -10.2281        10.2974       -1.55181       -10.2281        10.3051      -0.579093
510       -10.2281        10.2956       -1.55081       -10.2281        10.3034      -0.578999
511       -10.2281        10.2938       -1.54985       -10.2281        10.3016      -0.578889
512       -10.2281         10.292       -1.54893       -10.2281        10.2999      -0.578764
513       -10.2281        10.2902       -1.54805       -10.2281        10.2981      -0.578624
514       -10.2281        10.2884       -1.54722       -10.2281        10.2964      -0.578466
515       -10.2281        10.2866       -1.54643       -10.2281        10.2946      -0.578293
516       -10.2281        10.2848       -1.54568       -10.2281        10.2929      -0.578102
517       -10.2281         10.283       -1.54497       -10.2281        10.2912      -0.577895
518       -10.2281        10.2812       -1.54432       -10.2281        10.2894      -0.577669
519       -10.2281        10.2794        -1.5437       -10.2281        10.2877      -0.577427
520       -10.2281        10.2776       -1.54314       -10.2281         10.286      -0.577166
521       -10.2281        10.2758       -1.54261       -10.2281        10.2842      -0.576887
522       -10.2281         10.274       -1.54214       -10.2281        10.2825      -0.576591
523       -10.2281        10.2722       -1.54171       -10.2281        10.2808      -0.576276
524       -10.2281        10.2704       -1.54133       -10.2281        10.2791      -0.575944
525       -10.2281        10.2686         -1.541       -10.2281        10.2773      -0.575593
526       -10.2281        10.2669       -1.54071       -10.2281        10.2756      -0.575225
527       -10.2281        10.2651       -1.54047       -10.2281        10.2739      -0.574839
528       -10.2281        10.2633       -1.54027       -10.2281        10.2722      -0.574435
529       -10.2281        10.2615       -1.54012       -10.2281        10.2705      -0.574014
530       -10.2281        10.2597       -1.54002       -10.2281        10.2688      -0.573577
531       -10.2281         10.258       -1.53997       -10.2281        10.2671      -0.573122
532       -10.2281        10.2562       -1.53996       -10.2281        10.2654      -0.572652
533       -10.2281        10.2544       -1.53999       -10.2281        10.2637      -0.572166
534       -10.2281        10.2526       -1.54007       -10.2281         10.262      -0.571664
535       -10.2281        10.2508       -1.54019       -10.2281        10.2603      -0.571148
536       -10.2281        10.2491       -1.54036       -10.2281        10.2586      -0.570617
537       -10.2281        10.2473       -1.54057       -10.2281         10.257      -0.570072
538       -10.2281        10.2455       -1.54082       -10.2281        10.2553      -0.569515
539       -10.2281        10.2438       -1.54112       -10.2281        10.2536      -0.568944
540       -10.2281         10.242       -1.54145       -10.2281        10.2519      -0.568362
541       -10.2281        10.2402       -1.54183       -10.2281        10.2502      -0.567768
542       -10.2281        10.2384       -1.54224       -10.2281        10.2486      -0.567164
543       -10.2281        10.2367        -1.5427       -10.2281        10.2469       -0.56655
544       -10.2281        10.2349       -1.54319       -10.2281        10.2452      -0.565926
545       -10.2281        10.2331       -1.54371       -10.2281        10.2435      -0.565294
546       -10.2281        10.2314       -1.54428       -10.2281        10.2419      -0.564654
547       -10.2281        10.2296       -1.54488       -10.2281        10.2402      -0.564007
548       -10.2281        10.2278       -1.54551       -10.2281        10.2385      -0.563353
549       -10.2281        10.2261       -1.54617       -10.2281        10.2369      -0.562694
550       -10.2281        10.2243       -1.54687       -10.2281        10.2352       -0.56203
551       -10.2281        10.2225        -1.5476       -10.2281        10.2336      -0.561361
552       -10.2281        10.2208       -1.54836       -10.2281        10.2319      -0.560688
553       -10.2281         10.219       -1.54914       -10.2281        10.2303      -0.560013
554       -10.2281        10.2173       -1.54996       -10.2281        10.2286      -0.559335
555       -10.2281        10.2155        -1.5508       -10.2281         10.227      -0.558656
556       -10.2281        10.2137       -1.55166       -10.2281        10.2253      -0.557975
557       -10.2281         10.212       -1.55255       -10.2281        10.2237      -0.557294
558       -10.2281        10.2102       -1.55347       -10.2281         10.222      -0.556614
559       -10.2281        10.2084        -1.5544       -10.2281        10.2204      -0.555934
560       -10.2281        10.2067       -1.55536       -10.2281        10.2187      -0.555255
561       -10.2281        10.2049       -1.55634       -10.2281        10.2171      -0.554578
562       -10.2281        10.2032       -1.55733       -10.2281        10.2155      -0.553904
563       -10.2281        10.2014       -1.55835       -10.2281        10.2138      -0.553232
564       -10.2281        10.1996       -1.55938       -10.2281        10.2122      -0.552564
565       -10.2281        10.1979       -1.56042       -10.2281        10.2106      -0.551899
566       -10.2281        10.1961       -1.56148       -10.2281        10.2089      -0.551239
567       -10.2281        10.1944       -1.56256       -10.2281        10.2073      -0.550583
568       -10.2281        10.1926       -1.56364       -10.2281        10.2057      -0.549932
569       -10.2281        10.1908       -1.56473       -10.2281         10.204      -0.549287
570       -10.2281        10.1891       -1.56584       -10.2281        10.2024      -0.548647
571       -10.2281        10.1873       -1.56695       -10.2281        10.2008      -0.548013
572       -10.2281        10.1856       -1.56807       -10.2281        10.1992      -0.547385
573       -10.2281        10.1838       -1.56919       -10.2281        10.1975      -0.546763
574       -10.2281        10.1821       -1.57032       -10.2281        10.1959      -0.546148
575       -10.2281        10.1803       -1.57145       -10.2281        10.1943       -0.54554
576       -10.2281        10.1785       -1.57259       -10.2281        10.1927      -0.544939
577       -10.2281        10.1768       -1.57372       -10.2281        10.1911      -0.544346
578       -10.2281         10.175       -1.57485       -10.2281        10.1894      -0.543759
579       -10.2281        10.1733       -1.57598       -10.2281        10.1878       -0.54318
580       -10.2281        10.1715       -1.57711       -10.2281        10.1862      -0.542609
581       -10.2281        10.1698       -1.57823       -10.2281        10.1846      -0.542045
582       -10.2281         10.168       -1.57935       -10.2281         10.183      -0.541489
583       -10.2281        10.1663       -1.58046       -10.2281        10.1814       -0.54094
584       -10.2281        10.1645       -1.58156       -10.2281        10.1798        -0.5404
585       -10.2281        10.1627       -1.58264       -10.2281        10.1782      -0.539867
586       -10.2281         10.161       -1.58372       -10.2281        10.1766      -0.539342
587       -10.2281        10.1592       -1.58478       -10.2281        10.1749      -0.538825
588       -10.2281        10.1575       -1.58583       -10.2281        10.1733      -0.538316
589       -10.2281        10.1557       -1.58686       -10.2281        10.1717      -0.537815
590       -10.2281         10.154       -1.58787       -10.2281        10.1701      -0.537321
591       -10.2281        10.1522       -1.58887       -10.2281        10.1685      -0.536835
592       -10.2281        10.1504       -1.58984       -10.2281        10.1669      -0.536357
593       -10.2281        10.1487       -1.59079       -10.2281        10.1653      -0.535886
594       -10.2281        10.1469       -1.59171       -10.2281        10.1637      -0.535422
595       -10.2281        10.1452       -1.59262       -10.2281        10.1621      -0.534966
596       -10.2281        10.1434       -1.59349       -10.2281        10.1605      -0.534517
597       -10.2281        10.1417       -1.59434       -10.2281        10.1589      -0.534075
598       -10.2281        10.1399       -1.59515       -10.2281        10.1573      -0.533641
599       -10.2281        10.1382       -1.59594       -10.2281        10.1557      -0.533213
600       -10.2281        10.1364       -1.59669       -10.2281        10.1541      -0.532792
601       -10.2281        10.1346       -1.59741       -10.2281        10.1525      -0.532378
602       -10.2281        10.1329       -1.59809       -10.2281        10.1509       -0.53197
603       -10.2281        10.1311       -1.59874       -10.2281        10.1493      -0.531569
604       -10.2281        10.1294       -1.59935       -10.2281        10.1478      -0.531173
605       -10.2281        10.1276       -1.59992       -10.2281        10.1462      -0.530784
606       -10.2281        10.1259       -1.60045       -10.2281        10.1446      -0.530401
607       -10.2281        10.1241       -1.60094       -10.2281         10.143      -0.530024
608       -10.2281        10.1224       -1.60138       -10.2281        10.1414      -0.529653
609       -10.2281        10.1206       -1.60179       -10.2281        10.1398      -0.529287
610       -10.2281        10.1188       -1.60215       -10.2281        10.1382      -0.528926
611       -10.2281        10.1171       -1.60246       -10.2281        10.1366      -0.528571
612       -10.2281        10.1153       -1.60273       -10.2281         10.135       -0.52822
613       -10.2281        10.1136       -1.60296       -10.2281        10.1334      -0.527875
614       -10.2281        10.1118       -1.60313       -10.2281        10.1318      -0.527534
615       -10.2281          10.11       -1.60326       -10.2281        10.1302      -0.527198
616       -10.2281        10.1083       -1.60335       -10.2281        10.1287      -0.526867
617       -10.2281        10.1065       -1.60338       -10.2281        10.1271       -0.52654
618       -10.2281        10.1048       -1.60337       -10.2281        10.1255      -0.526217
619       -10.2281         10.103       -1.60331       -10.2281        10.1239      -0.525897
620       -10.2281        10.1012       -1.60321       -10.2281        10.1223      -0.525582
621       -10.2281        10.0995       -1.60306       -10.2281        10.1207      -0.525271
622       -10.2281        10.0977       -1.60286       -10.2281        10.1191      -0.524963
623       -10.2281         10.096       -1.60261       -10.2281        10.1175      -0.524658
624       -10.2281        10.0942       -1.60232       -10.2281        10.1159      -0.524357
625       -10.2281        10.0924       -1.60198       -10.2281        10.1143      -0.524058
626       -10.2281        10.0907       -1.60159       -10.2281        10.1127      -0.523763
627       -10.2281        10.0889       -1.60117       -10.2281        10.1112      -0.523471
628       -10.2281        10.0871        -1.6007       -10.2281        10.1096      -0.523181
629       -10.2281        10.0854       -1.60018       -10.2281         10.108      -0.522893
630       -10.2281        10.0836       -1.59963       -10.2281        10.1064      -0.522608
631       -10.2281        10.0818       -1.59903       -10.2281        10.1048      -0.522326
632       -10.2281        10.0801        -1.5984       -10.2281        10.1032      -0.522045
633       -10.2281        10.0783       -1.59772       -10.2281        10.1016      -0.521766
634       -10.2281        10.0765       -1.59701       -10.2281           10.1      -0.521489
635       -10.2281        10.0748       -1.59627       -10.2281        10.0984      -0.521214
636       -10.2281         10.073       -1.59549       -10.2281        10.0968       -0.52094
637       -10.2281        10.0712       -1.59467       -10.2281        10.0952      -0.520668
638       -10.2281        10.0694       -1.59382       -10.2281        10.0936      -0.520397
639       -10.2281        10.0677       -1.59295       -10.2281        10.0921      -0.520127
640       -10.2281        10.0659       -1.59204       -10.2281        10.0905      -0.519858
641       -10.2281        10.0641        -1.5911       -10.2281        10.0889      -0.519589
642       -10.2281        10.0623       -1.59014       -10.2281        10.0873      -0.519322
643       -10.2281        10.0606       -1.58915       -10.2281        10.0857      -0.519055
644       -10.2281        10.0588       -1.58814       -10.2281        10.0841      -0.518788
645       -10.2281         10.057        -1.5871       -10.2281        10.0825      -0.518522
646       -10.2281        10.0552       -1.58605       -10.2281        10.0809      -0.518256
647       -10.2281        10.0534       -1.58497       -10.2281        10.0793       -0.51799
648       -10.2281        10.0516       -1.58387       -10.2281        10.0777      -0.517724
649       -10.2281        10.0499       -1.58276       -10.2281        10.0761      -0.517458
650       -10.2281        10.0481       -1.58163       -10.2281        10.0745      -0.517191
651       -10.2281        10.0463       -1.58048       -10.2281        10.0729      -0.516924
652       -10.2281        10.0445       -1.57932       -10.2281        10.0713      -0.516656
653       -10.2281        10.0427       -1.57815       -10.2281        10.0697      -0.516387
654       -10.2281        10.0409       -1.57697       -10.2281        10.0681      -0.516117
655       -10.2281        10.0391       -1.57577       -10.2281        10.0665      -0.515847
656       -10.2281        10.0373       -1.57457       -10.2281        10.0649      -0.515575
657       -10.2281        10.0355       -1.57336       -10.2281        10.0633      -0.515302
658       -10.2281        10.0337       -1.57214       -10.2281        10.0617      -0.515028
659       -10.2281        10.0319       -1.57091       -10.2281        10.0601      -0.514752
660       -10.2281        10.0301       -1.56969       -10.2281        10.0585      -0.514474
661       -10.2281        10.0283       -1.56845       -10.2281        10.0569      -0.514195
662       -10.2281        10.0265       -1.56721       -10.2281        10.0553      -0.513913
663       -10.2281        10.0247       -1.56598       -10.2281        10.0537       -0.51363
664       -10.2281        10.0229       -1.56474       -10.2281        10.0521      -0.513344
665       -10.2281        10.0211        -1.5635       -10.2281        10.0505      -0.513057
666       -10.2281        10.0193       -1.56226       -10.2281        10.0489      -0.512766
667       -10.2281        10.0175       -1.56102       -10.2281        10.0473      -0.512474
668       -10.2281        10.0157       -1.55978       -10.2281        10.0456      -0.512178
669       -10.2281        10.0139       -1.55855       -10.2281         10.044       -0.51188
670       -10.2281        10.0121       -1.55732       -10.2281        10.0424      -0.511579
671       -10.2281        10.0103       -1.55609       -10.2281        10.0408      -0.511274
672       -10.2281        10.0085       -1.55487       -10.2281        10.0392      -0.510967
673       -10.2281        10.0066       -1.55366       -10.2281        10.0376      -0.510657
674       -10.2281        10.0048       -1.55245       -10.2281         10.036      -0.510343
675       -10.2281         10.003       -1.55125       -10.2281        10.0344      -0.510025
676       -10.2281        10.0012       -1.55006       -10.2281        10.0328      -0.509704
677       -10.2281        9.99936       -1.54888       -10.2281        10.0312       -0.50938
678       -10.2281        9.99754        -1.5477       -10.2281        10.0296      -0.509051
679       -10.2281        9.99571       -1.54654       -10.2281         10.028      -0.508719
680       -10.2281        9.99389       -1.54538       -10.2281        10.0264      -0.508383
681       -10.2281        9.99206       -1.54424       -10.2281        10.0248      -0.508043
682       -10.2281        9.99023        -1.5431       -10.2281        10.0231      -0.507698
683       -10.2281         9.9884       -1.54198       -10.2281        10.0215       -0.50735
684       -10.2281        9.98657       -1.54087       -10.2281        10.0199      -0.506997
685       -10.2281        9.98473       -1.53978       -10.2281        10.0183      -0.506639
686       -10.2281         9.9829       -1.53869       -10.2281        10.0167      -0.506277
687       -10.2281        9.98106       -1.53763       -10.2281        10.0151      -0.505911
688       -10.2281        9.97922       -1.53657       -10.2281        10.0135       -0.50554
689       -10.2281        9.97738       -1.53553       -10.2281        10.0119      -0.505164
690       -10.2281        9.97554        -1.5345       -10.2281        10.0103      -0.504784
691       -10.2281         9.9737       -1.53349       -10.2281        10.0087      -0.504399
692       -10.2281        9.97186       -1.53249       -10.2281        10.0071      -0.504009
693       -10.2281        9.97001        -1.5315       -10.2281        10.0055      -0.503614
694       -10.2281        9.96816       -1.53053       -10.2281        10.0039      -0.503215
695       -10.2281        9.96632       -1.52958       -10.2281        10.0023       -0.50281
696       -10.2281        9.96447       -1.52864       -10.2281        10.0007      -0.502401
697       -10.2281        9.96261       -1.52771       -10.2281        9.99907      -0.501986
698       -10.2281        9.96076        -1.5268       -10.2281        9.99747      -0.501567
699       -10.2281        9.95891       -1.52591       -10.2281        9.99587      -0.501143
700       -10.2281        9.95705       -1.52503       -10.2281        9.99427      -0.500713
701       -10.2281        9.95519       -1.52417       -10.2281        9.99267      -0.500279
702       -10.2281        9.95333       -1.52332       -10.2281        9.99107       -0.49984
703       -10.2281        9.95147       -1.52249       -10.2281        9.98947      -0.499396
704       -10.2281        9.94961       -1.52167       -10.2281        9.98787      -0.498947
705       -10.2281        9.94775       -1.52088       -10.2281        9.98628      -0.498493
706       -10.2281        9.94588       -1.52009       -10.2281        9.98468      -0.498034
707       -10.2281        9.94401       -1.51933       -10.2281        9.98309      -0.497571
708       -10.2281        9.94214       -1.51858       -10.2281        9.98149      -0.497103
709       -10.2281        9.94027       -1.51785       -10.2281         9.9799       -0.49663
710       -10.2281         9.9384       -1.51713       -10.2281        9.97831      -0.496152
711       -10.2281        9.93653       -1.51644       -10.2281        9.97672       -0.49567
712       -10.2281        9.93465       -1.51575       -10.2281        9.97513      -0.495183
713       -10.2281        9.93277       -1.51509       -10.2281        9.97354      -0.494692
714       -10.2281         9.9309       -1.51444       -10.2281        9.97196      -0.494197
715       -10.2281        9.92902       -1.51381       -10.2281        9.97037      -0.493697
716       -10.2281        9.92713        -1.5132       -10.2281        9.96879      -0.493194
717       -10.2281        9.92525        -1.5126       -10.2281        9.96721      -0.492686
718       -10.2281        9.92336       -1.51202       -10.2281        9.96562      -0.492174
719       -10.2281        9.92148       -1.51146       -10.2281        9.96404      -0.491659
720       -10.2281        9.91959       -1.51092       -10.2281        9.96247      -0.491139
721       -10.2281         9.9177       -1.51039       -10.2281        9.96089      -0.490617
722       -10.2281         9.9158       -1.50988       -10.2281        9.95931       -0.49009
723       -10.2281        9.91391       -1.50939       -10.2281        9.95774      -0.489561
724       -10.2281        9.91201       -1.50891       -10.2281        9.95617      -0.489028
725       -10.2281        9.91011       -1.50845       -10.2281         9.9546      -0.488492
726       -10.2281        9.90821       -1.50801       -10.2281        9.95303      -0.487954
727       -10.2281        9.90631       -1.50759       -10.2281        9.95146      -0.487412
728       -10.2281        9.90441       -1.50718       -10.2281        9.94989      -0.486868
729       -10.2281         9.9025       -1.50679       -10.2281        9.94833      -0.486322
730       -10.2281        9.90059       -1.50642       -10.2281        9.94676      -0.485773
731       -10.2281        9.89868       -1.50606       -10.2281         9.9452      -0.485222
732       -10.2281        9.89677       -1.50572       -10.2281        9.94364       -0.48467
733       -10.2281        9.89486        -1.5054       -10.2281        9.94209      -0.484115
734       -10.2281        9.89294       -1.50509       -10.2281        9.94053      -0.483559
735       -10.2281        9.89103        -1.5048       -10.2281        9.93898      -0.483001
736       -10.2281        9.88911       -1.50453       -10.2281        9.93742      -0.482442
737       -10.2281        9.88718       -1.50428       -10.2281        9.93587      -0.481882
738       -10.2281        9.88526       -1.50404       -10.2281        9.93433      -0.481322
739       -10.2281        9.88334       -1.50381       -10.2281        9.93278       -0.48076
740       -10.2281        9.88141       -1.50361       -10.2281        9.93123      -0.480198
741       -10.2281        9.87948       -1.50341       -10.2281        9.92969      -0.479635
742       -10.2281        9.87755       -1.50324       -10.2281        9.92815      -0.479072
743       -10.2281        9.87561       -1.50308       -10.2281        9.92661       -0.47851
744       -10.2281        9.87368       -1.50294       -10.2281        9.92508      -0.477947
745       -10.2281        9.87174       -1.50281       -10.2281        9.92354      -0.477384
746       -10.2281         9.8698       -1.50269       -10.2281        9.92201      -0.476823
747       -10.2281        9.86786        -1.5026       -10.2281        9.92048      -0.476261
748       -10.2281        9.86592       -1.50251       -10.2281        9.91895      -0.475701
749       -10.2281        9.86397       -1.50245       -10.2281        9.91743      -0.475142
750       -10.2281        9.86203       -1.50239       -10.2281         9.9159      -0.474583
751       -10.2281        9.86008       -1.50236       -10.2281        9.91438      -0.474026
752       -10.2281        9.85813       -1.50233       -10.2281        9.91286      -0.473471
753       -10.2281        9.85617       -1.50232       -10.2281        9.91135      -0.472917
754       -10.2281        9.85422       -1.50233       -10.2281        9.90983      -0.472365
755       -10.2281        9.85226       -1.50235       -10.2281        9.90832      -0.471815
756       -10.2281         9.8503       -1.50238       -10.2281        9.90681      -0.471267
757       -10.2281        9.84834       -1.50243       -10.2281        9.90531      -0.470721
758       -10.2281        9.84638       -1.50249       -10.2281         9.9038      -0.470178
759       -10.2281        9.84441       -1.50257       -10.2281         9.9023      -0.469637
760       -10.2281        9.84245       -1.50266       -10.2281         9.9008      -0.469099
761       -10.2281        9.84048       -1.50276       -10.2281         9.8993      -0.468563
762       -10.2281        9.83851       -1.50287       -10.2281        9.89781       -0.46803
763       -10.2281        9.83654         -1.503       -10.2281        9.89632      -0.467501
764       -10.2281        9.83456       -1.50314       -10.2281        9.89483      -0.466974
765       -10.2281        9.83259       -1.50329       -10.2281        9.89334      -0.466451
766       -10.2281        9.83061       -1.50345       -10.2281        9.89185      -0.465931
767       -10.2281        9.82863       -1.50363       -10.2281        9.89037      -0.465414
768       -10.2281        9.82665       -1.50382       -10.2281        9.88889      -0.464901
769       -10.2281        9.82467       -1.50402       -10.2281        9.88741      -0.464392
770       -10.2281        9.82269       -1.50423       -10.2281        9.88594      -0.463886
771       -10.2281         9.8207       -1.50446       -10.2281        9.88447      -0.463384
772       -10.2281        9.81871       -1.50469       -10.2281          9.883      -0.462885
773       -10.2281        9.81672       -1.50494       -10.2281        9.88153      -0.462391
774       -10.2281        9.81473       -1.50519       -10.2281        9.88007        -0.4619
775       -10.2281        9.81274       -1.50546       -10.2281        9.87861      -0.461414
776       -10.2281        9.81075       -1.50574       -10.2281        9.87715      -0.460932
777       -10.2281        9.80875       -1.50603       -10.2281        9.87569      -0.460453
778       -10.2281        9.80675       -1.50633       -10.2281        9.87424      -0.459979
779       -10.2281        9.80475       -1.50663       -10.2281        9.87278      -0.459509
780       -10.2281        9.80275       -1.50695       -10.2281        9.87133      -0.459043
781       -10.2281        9.80075       -1.50728       -10.2281        9.86989      -0.458582
782       -10.2281        9.79875       -1.50762       -10.2281        9.86844      -0.458125
783       -10.2281        9.79674       -1.50797       -10.2281          9.867      -0.457672
784       -10.2281        9.79474       -1.50833       -10.2281        9.86556      -0.457224
785       -10.2281        9.79273       -1.50869       -10.2281        9.86413      -0.456779
786       -10.2281        9.79072       -1.50907       -10.2281        9.86269       -0.45634
787       -10.2281        9.78871       -1.50945       -10.2281        9.86126      -0.455904
788       -10.2281         9.7867       -1.50984       -10.2281        9.85983      -0.455473
789       -10.2281        9.78469       -1.51024       -10.2281        9.85841      -0.455047
790       -10.2281        9.78267       -1.51065       -10.2281        9.85698      -0.454625
791       -10.2281        9.78066       -1.51107       -10.2281        9.85556      -0.454207
792       -10.2281        9.77864        -1.5115       -10.2281        9.85414      -0.453793
793       -10.2281        9.77662       -1.51193       -10.2281        9.85272      -0.453384
794       -10.2281         9.7746       -1.51237       -10.2281        9.85131       -0.45298
795       -10.2281        9.77258       -1.51282       -10.2281         9.8499      -0.452579
796       -10.2281        9.77056       -1.51327       -10.2281        9.84849      -0.452184
797       -10.2281        9.76853       -1.51374       -10.2281        9.84708      -0.451792
798       -10.2281        9.76651       -1.51421       -10.2281        9.84567      -0.451405
799       -10.2281        9.76448       -1.51468       -10.2281        9.84427      -0.451022
800       -10.2281        9.76246       -1.51517       -10.2281        9.84287      -0.450643
801       -10.2281        9.76043       -1.51566       -10.2281        9.84147      -0.450269
802       -10.2281         9.7584       -1.51616       -10.2281        9.84007      -0.449898
803       -10.2281        9.75637       -1.51666       -10.2281        9.83868      -0.449533
804       -10.2281        9.75434       -1.51717       -10.2281        9.83729      -0.449171
805       -10.2281         9.7523       -1.51769       -10.2281         9.8359      -0.448813
806       -10.2281        9.75027       -1.51821       -10.2281        9.83451       -0.44846
807       -10.2281        9.74824       -1.51874       -10.2281        9.83312       -0.44811
808       -10.2281         9.7462       -1.51927       -10.2281        9.83174      -0.447765
809       -10.2281        9.74416       -1.51981       -10.2281        9.83036      -0.447424
810       -10.2281        9.74212       -1.52035       -10.2281        9.82898      -0.447087
811       -10.2281        9.74009        -1.5209       -10.2281         9.8276      -0.446753
812       -10.2281        9.73805       -1.52146       -10.2281        9.82622      -0.446424
813       -10.2281        9.73601       -1.52202       -10.2281        9.82485      -0.446099
814       -10.2281        9.73396       -1.52259       -10.2281        9.82347      -0.445777
815       -10.2281        9.73192       -1.52316       -10.2281         9.8221       -0.44546
816       -10.2281        9.72988       -1.52373       -10.2281        9.82073      -0.445146
817       -10.2281        9.72783       -1.52431       -10.2281        9.81937      -0.444836
818       -10.2281        9.72579       -1.52489       -10.2281          9.818       -0.44453
819       -10.2281        9.72374       -1.52548       -10.2281        9.81664      -0.444228
820       -10.2281        9.72169       -1.52608       -10.2281        9.81528      -0.443929
821       -10.2281        9.71965       -1.52667       -10.2281        9.81392      -0.443634
822       -10.2281         9.7176       -1.52728       -10.2281        9.81256      -0.443343
823       -10.2281        9.71555       -1.52788       -10.2281         9.8112      -0.443055
824       -10.2281         9.7135       -1.52849       -10.2281        9.80985      -0.442771
825       -10.2281        9.71144        -1.5291       -10.2281        9.80849      -0.442491
826       -10.2281        9.70939       -1.52972       -10.2281        9.80714      -0.442214
827       -10.2281        9.70734       -1.53034       -10.2281        9.80579       -0.44194
828       -10.2281        9.70529       -1.53096       -10.2281        9.80444       -0.44167
829       -10.2281        9.70323       -1.53159       -10.2281        9.80309      -0.441404
830       -10.2281        9.70118       -1.53222       -10.2281        9.80175      -0.441141
831       -10.2281        9.69912       -1.53286       -10.2281         9.8004      -0.440881
832       -10.2281        9.69706       -1.53349       -10.2281        9.79906      -0.440625
833       -10.2281        9.69501       -1.53413       -10.2281        9.79772      -0.440372
834       -10.2281        9.69295       -1.53478       -10.2281        9.79638      -0.440122
835       -10.2281        9.69089       -1.53542       -10.2281        9.79504      -0.439876
836       -10.2281        9.68883       -1.53607       -10.2281         9.7937      -0.439633
837       -10.2281        9.68677       -1.53672       -10.2281        9.79236      -0.439393
838       -10.2281        9.68471       -1.53738       -10.2281        9.79103      -0.439157
839       -10.2281        9.68265       -1.53803       -10.2281        9.78969      -0.438923
840       -10.2281        9.68059       -1.53869       -10.2281        9.78836      -0.438693
841       -10.2281        9.67852       -1.53935       -10.2281        9.78703      -0.438466
842       -10.2281        9.67646       -1.54002       -10.2281         9.7857      -0.438242
843       -10.2281         9.6744       -1.54068       -10.2281        9.78437      -0.438021
844       -10.2281        9.67233       -1.54135       -10.2281        9.78304      -0.437804
845       -10.2281        9.67027       -1.54202       -10.2281        9.78171      -0.437589
846       -10.2281         9.6682       -1.54269       -10.2281        9.78038      -0.437377
847       -10.2281        9.66614       -1.54336       -10.2281        9.77906      -0.437168
848       -10.2281        9.66407       -1.54403       -10.2281        9.77774      -0.436963
849       -10.2281        9.66201       -1.54471       -10.2281        9.77641       -0.43676
850       -10.2281        9.65994       -1.54538       -10.2281        9.77509       -0.43656
851       -10.2281        9.65787       -1.54606       -10.2281        9.77377      -0.436363
852       -10.2281         9.6558       -1.54673       -10.2281        9.77245      -0.436169
853       -10.2281        9.65373        -1.5474       -10.2281        9.77113      -0.435978
854       -10.2281        9.65167       -1.54808       -10.2281        9.76981      -0.435789
855       -10.2281         9.6496       -1.54875       -10.2281        9.76849      -0.435604
856       -10.2281        9.64753       -1.54942       -10.2281        9.76718      -0.435421
857       -10.2281        9.64546       -1.55009       -10.2281        9.76586      -0.435241
858       -10.2281        9.64339       -1.55076       -10.2281        9.76454      -0.435063
859       -10.2281        9.64132       -1.55142       -10.2281        9.76323      -0.434889
860       -10.2281        9.63925       -1.55209       -10.2281        9.76192      -0.434717
861       -10.2281        9.63718       -1.55275       -10.2281         9.7606      -0.434547
862       -10.2281        9.63511       -1.55341       -10.2281        9.75929       -0.43438
863       -10.2281        9.63303       -1.55406       -10.2281        9.75798      -0.434215
864       -10.2281        9.63096       -1.55471       -10.2281        9.75667      -0.434053
865       -10.2281        9.62889       -1.55536       -10.2281        9.75536      -0.433893
866       -10.2281        9.62682       -1.55601       -10.2281        9.75405      -0.433735
867       -10.2281        9.62475       -1.55665       -10.2281        9.75274       -0.43358
868       -10.2281        9.62268       -1.55729       -10.2281        9.75143      -0.433426
869       -10.2281         9.6206       -1.55792       -10.2281        9.75013      -0.433274
870       -10.2281        9.61853       -1.55855       -10.2281        9.74882      -0.433124
871       -10.2281        9.61646       -1.55917       -10.2281        9.74752      -0.432976
872       -10.2281        9.61439       -1.55978       -10.2281        9.74621       -0.43283
873       -10.2281        9.61231       -1.56039       -10.2281        9.74491      -0.432685
874       -10.2281        9.61024         -1.561       -10.2281         9.7436      -0.432542
875       -10.2281        9.60817        -1.5616       -10.2281         9.7423      -0.432401
876       -10.2281        9.60609       -1.56219       -10.2281          9.741      -0.432261
877       -10.2281        9.60402       -1.56277       -10.2281        9.73969      -0.432123
878       -10.2281        9.60195       -1.56335       -10.2281        9.73839      -0.431985
879       -10.2281        9.59988       -1.56392       -10.2281        9.73709       -0.43185
880       -10.2281         9.5978       -1.56449       -10.2281        9.73579      -0.431715
881       -10.2281        9.59573       -1.56504       -10.2281        9.73449      -0.431582
882       -10.2281        9.59366       -1.56559       -10.2281        9.73319      -0.431449
883       -10.2281        9.59158       -1.56612       -10.2281        9.73189      -0.431318
884       -10.2281        9.58951       -1.56665       -10.2281         9.7306      -0.431188
885       -10.2281        9.58744       -1.56717       -10.2281         9.7293      -0.431058
886       -10.2281        9.58537       -1.56768       -10.2281          9.728       -0.43093
887       -10.2281        9.58329       -1.56818       -10.2281         9.7267      -0.430802
888       -10.2281        9.58122       -1.56867       -10.2281        9.72541      -0.430675
889       -10.2281        9.57915       -1.56914       -10.2281        9.72411      -0.430549
890       -10.2281        9.57708       -1.56961       -10.2281        9.72282      -0.430424
891       -10.2281        9.57501       -1.57007       -10.2281        9.72152      -0.430299
892       -10.2281        9.57293       -1.57051       -10.2281        9.72023      -0.430174
893       -10.2281        9.57086       -1.57094       -10.2281        9.71893       -0.43005
894       -10.2281        9.56879       -1.57136       -10.2281        9.71764      -0.429927
895       -10.2281        9.56672       -1.57177       -10.2281        9.71635      -0.429804
896       -10.2281        9.56465       -1.57217       -10.2281        9.71505      -0.429681
897       -10.2281        9.56258       -1.57255       -10.2281        9.71376      -0.429558
898       -10.2281        9.56051       -1.57292       -10.2281        9.71247      -0.429436
899       -10.2281        9.55844       -1.57327       -10.2281        9.71117      -0.429314
900       -10.2281        9.55637       -1.57361       -10.2281        9.70988      -0.429193
901       -10.2281         9.5543       -1.57394       -10.2281        9.70859      -0.429071
902       -10.2281        9.55224       -1.57425       -10.2281         9.7073       -0.42895
903       -10.2281        9.55017       -1.57455       -10.2281        9.70601       -0.42883
904       -10.2281         9.5481       -1.57484       -10.2281        9.70472      -0.428709
905       -10.2281        9.54603       -1.57511       -10.2281        9.70343      -0.428589
906       -10.2281        9.54397       -1.57536       -10.2281        9.70214      -0.428469
907       -10.2281         9.5419        -1.5756       -10.2281        9.70085       -0.42835
908       -10.2281        9.53983       -1.57582       -10.2281        9.69956       -0.42823
909       -10.2281        9.53777       -1.57603       -10.2281        9.69828      -0.428111
910       -10.2281         9.5357       -1.57622       -10.2281        9.69699      -0.427993
911       -10.2281        9.53364       -1.57639       -10.2281         9.6957      -0.427874
912       -10.2281        9.53157       -1.57655       -10.2281        9.69442      -0.427756
913       -10.2281        9.52951        -1.5767       -10.2281        9.69313      -0.427639
914       -10.2281        9.52745       -1.57682       -10.2281        9.69184      -0.427521
915       -10.2281        9.52538       -1.57693       -10.2281        9.69056      -0.427404
916       -10.2281        9.52332       -1.57703       -10.2281        9.68928      -0.427287
917       -10.2281        9.52126        -1.5771       -10.2281        9.68799      -0.427171
918       -10.2281         9.5192       -1.57716       -10.2281        9.68671      -0.427054
919       -10.2281        9.51714       -1.57721       -10.2281        9.68543      -0.426938
920       -10.2281        9.51508       -1.57723       -10.2281        9.68414      -0.426822
921       -10.2281        9.51302       -1.57724       -10.2281        9.68286      -0.426707
922       -10.2281        9.51096       -1.57723       -10.2281        9.68158      -0.426592
923       -10.2281        9.50891       -1.57721       -10.2281         9.6803      -0.426477
924       -10.2281        9.50685       -1.57717       -10.2281        9.67902      -0.426362
925       -10.2281        9.50479       -1.57711       -10.2281        9.67774      -0.426248
926       -10.2281        9.50274       -1.57704       -10.2281        9.67646      -0.426134
927       -10.2281        9.50068       -1.57695       -10.2281        9.67519       -0.42602
928       -10.2281        9.49863       -1.57684       -10.2281        9.67391      -0.425907
929       -10.2281        9.49657       -1.57672       -10.2281        9.67263      -0.425794
930       -10.2281        9.49452       -1.57658       -10.2281        9.67136      -0.425681
931       -10.2281        9.49247       -1.57642       -10.2281        9.67008      -0.425568
932       -10.2281        9.49042       -1.57625       -10.2281        9.66881      -0.425456
933       -10.2281        9.48837       -1.57606       -10.2281        9.66753      -0.425344
934       -10.2281        9.48632       -1.57586       -10.2281        9.66626      -0.425232
935       -10.2281        9.48427       -1.57564       -10.2281        9.66499       -0.42512
936       -10.2281        9.48222        -1.5754       -10.2281        9.66371      -0.425009
937       -10.2281        9.48017       -1.57516       -10.2281        9.66244      -0.424898
938       -10.2281        9.47812       -1.57489       -10.2281        9.66117      -0.424787
939       -10.2281        9.47608       -1.57461       -10.2281         9.6599      -0.424677
940       -10.2281        9.47403       -1.57432       -10.2281        9.65863      -0.424566
941       -10.2281        9.47199       -1.57401       -10.2281        9.65737      -0.424456
942       -10.2281        9.46994       -1.57369       -10.2281         9.6561      -0.424347
943       -10.2281         9.4679       -1.57335       -10.2281        9.65483      -0.424237
944       -10.2281        9.46586         -1.573       -10.2281        9.65356      -0.424128
945       -10.2281        9.46382       -1.57264       -10.2281         9.6523      -0.424019
946       -10.2281        9.46178       -1.57227       -10.2281        9.65103       -0.42391
947       -10.2281        9.45974       -1.57188       -10.2281        9.64977      -0.423802
948       -10.2281         9.4577       -1.57148       -10.2281        9.64851      -0.423694
949       -10.2281        9.45566       -1.57107       -10.2281        9.64724      -0.423586
950       -10.2281        9.45363       -1.57064       -10.2281        9.64598      -0.423478
951       -10.2281        9.45159       -1.57021       -10.2281        9.64472       -0.42337
952       -10.2281        9.44955       -1.56976       -10.2281        9.64346      -0.423263
953       -10.2281        9.44752        -1.5693       -10.2281         9.6422      -0.423156
954       -10.2281        9.44549       -1.56883       -10.2281        9.64094      -0.423049
955       -10.2281        9.44345       -1.56836       -10.2281        9.63968      -0.422943
956       -10.2281        9.44142       -1.56787       -10.2281        9.63843      -0.422836
957       -10.2281        9.43939       -1.56737       -10.2281        9.63717       -0.42273
958       -10.2281        9.43736       -1.56686       -10.2281        9.63592      -0.422625
959       -10.2281        9.43533       -1.56634       -10.2281        9.63466      -0.422519
960       -10.2281        9.43331       -1.56582       -10.2281        9.63341      -0.422414
961       -10.2281        9.43128       -1.56529       -10.2281        9.63215      -0.422308
962       -10.2281        9.42925       -1.56474       -10.2281         9.6309      -0.422203
963       -10.2281        9.42723        -1.5642       -10.2281        9.62965      -0.422099
964       -10.2281         9.4252       -1.56364       -10.2281         9.6284      -0.421994
965       -10.2281        9.42318       -1.56307       -10.2281        9.62715       -0.42189
966       -10.2281        9.42116        -1.5625       -10.2281         9.6259      -0.421786
967       -10.2281        9.41914       -1.56193       -10.2281        9.62465      -0.421682
968       -10.2281        9.41712       -1.56134       -10.2281         9.6234      -0.421578
969       -10.2281         9.4151       -1.56075       -10.2281        9.62216      -0.421475
970       -10.2281        9.41308       -1.56016       -10.2281        9.62091      -0.421371
971       -10.2281        9.41106       -1.55956       -10.2281        9.61967      -0.421268
972       -10.2281        9.40905       -1.55895       -10.2281        9.61842      -0.421166
973       -10.2281        9.40703       -1.55834       -10.2281        9.61718      -0.421063
974       -10.2281        9.40502       -1.55773       -10.2281        9.61594       -0.42096
975       -10.2281          9.403       -1.55711       -10.2281        9.61469      -0.420858
976       -10.2281        9.40099       -1.55649       -10.2281        9.61345      -0.420756
977       -10.2281        9.39898       -1.55586       -10.2281        9.61221      -0.420654
978       -10.2281        9.39697       -1.55523       -10.2281        9.61097      -0.420552
979       -10.2281        9.39496        -1.5546       -10.2281        9.60974      -0.420451
980       -10.2281        9.39295       -1.55396       -10.2281         9.6085       -0.42035
981       -10.2281        9.39094       -1.55332       -10.2281        9.60726      -0.420248
982       -10.2281        9.38894       -1.55268       -10.2281        9.60603      -0.420147
983       -10.2281        9.38693       -1.55204       -10.2281        9.60479      -0.420046
984       -10.2281        9.38493       -1.55139       -10.2281        9.60356      -0.419946
985       -10.2281        9.38292       -1.55075       -10.2281        9.60232      -0.419845
986       -10.2281        9.38092        -1.5501       -10.2281        9.60109      -0.419745
987       -10.2281        9.37892       -1.54945       -10.2281        9.59986      -0.419645
988       -10.2281        9.37692        -1.5488       -10.2281        9.59863      -0.419545
989       -10.2281        9.37492       -1.54815       -10.2281         9.5974      -0.419445
990       -10.2281        9.37292       -1.54749       -10.2281        9.59617      -0.419345
991       -10.2281        9.37092       -1.54684       -10.2281        9.59494      -0.419246
992       -10.2281        9.36893       -1.54619       -10.2281        9.59372      -0.419146
993       -10.2281        9.36693       -1.54554       -10.2281        9.59249      -0.419047
994       -10.2281        9.36494       -1.54488       -10.2281        9.59126      -0.418948
995       -10.2281        9.36294       -1.54423       -10.2281        9.59004      -0.418849
996       -10.2281        9.36095       -1.54358       -10.2281        9.58881       -0.41875
997       -10.2281        9.35896       -1.54293       -10.2281        9.58759      -0.418652
998       -10.2281        9.35697       -1.54228       -10.2281        9.58637      -0.418553
999       -10.2281        9.35498       -1.54163       -10.2281        9.58515      -0.418455
1000       -10.2281        9.35299       -1.54098       -10.2281        9.58393      -0.418357
