1	1.000001500001125
2	1.0000044995101227
3	1.0000074985281138
4	1.0000104960550833
5	1.0000134915910106
6	1.0000164851358784
7	1.0000194756896488
8	1.0000224627522838
9	1.0000254458237394
10	1.0000284244039657
11	1.0000313984929223
12	1.000034367090535
13	1.0000373301967544
14	1.000040287311512
15	1.0000432379347326
16	1.0000461815663357
17	1.0000491182062596
18	1.0000520468543905
19	1.0000549685107132
20	1.0000578816750796
21	1.0000607863474151
22	1.000063683027678
23	1.0000665707157317
24	1.0000694499115335
25	1.0000723196149373
26	1.0000751803258991
27	1.0000780315443025
28	1.000080872770026
29	1.0000837045030264
30	1.0000865267432226
31	1.0000893394905346
32	1.000092142244836
33	1.0000949350060424
34	1.0000977177740706
35	1.0001004910488873
36	1.0001032548304132
37	1.0001060086185165
38	1.0001087519130607
39	1.0001114852140147
40	1.0001142090213537
41	1.0001169228349418
42	1.0001196266546977
43	1.0001223199804787
44	1.0001250038123255
45	1.0001276776500974
46	1.0001303419937797
47	1.0001329963432295
48	1.0001356411984357
49	1.000138276059253
50	1.0001409014256735
51	1.0001435162974786
52	1.0001461221748051
53	1.0001487175573596
54	1.0001513039452874
55	1.0001538808384418
56	1.000156447736671
57	1.0001590056400569
58	1.0001615545485307
59	1.0001640934618594
60	1.0001666228800503
61	1.0001691433031157
62	1.0001716547309876
63	1.0001741566635112
64	1.0001766496007034
65	1.0001791335424972
66	1.0001816084888253
67	1.000184074939713
68	1.000186532395004
69	1.0001889813547267
70	1.0001914218188186
71	1.0001938537872175
72	1.0001962777599593
73	1.000198693236887
74	1.000201100718039
75	1.0002035002033576
76	1.0002058916927856
77	1.0002082751862655
78	1.0002106516839506
79	1.0002130206856847
80	1.0002153821914141
81	1.0002177362010862
82	1.000220083714868
83	1.0002224242326023
84	1.0002247582543524
85	1.0002270852799595
86	1.0002294058094892
87	1.000231720343012
88	1.0002340288804867
89	1.0002363314218714
90	1.000238628467244
91	1.000240920016567
92	1.0002432060698019
93	1.0002454871270343
94	1.0002477631882298
95	1.0002500342533545
96	1.0002523008225002
97	1.0002545628956363
98	1.0002568204727325
99	1.000259074554017
100	1.0002613241392053
101	1.0002635707286622
102	1.000265812821969
103	1.000268052419631
104	1.0002702880212264
105	1.0002725211271373
106	1.000274751237209
107	1.0002769788515606
108	1.0002792034700354
109	1.0002814260928947
110	1.0002836462199838
111	1.0002858648515716
112	1.000288081987648
113	1.0002902971280583
114	1.0002925112730816
115	1.0002947234224164
116	1.0002969345763464
117	1.0002991452350145
118	1.0003013543981163
119	1.0003035630659451
120	1.0003057717386508
121	1.0003079799160792
122	1.000310187598227
123	1.0003123952852473
124	1.0003146034772972
125	1.0003168106739047
126	1.0003190188757016
127	1.0003212275825337
128	1.0003234367944043
129	1.000325646011154
130	1.0003278562331106
131	1.0003300674602809
132	1.0003322801928374
133	1.000334493930623
134	1.000336708673644
135	1.0003389244219079
136	1.000341141675591
137	1.0003433604347038
138	1.0003455806992563
139	1.0003478029694322
140	1.000350027245245
141	1.0003522525263557
142	1.0003544793129482
143	1.000356708105211
144	1.0003589394033368
145	1.000361172707162
146	1.0003634080166999
147	1.0003656453319636
148	1.000367885153151
149	1.0003701269800938
150	1.000372370812805
151	1.0003746166512983
152	1.0003768644955875
153	1.0003791143456857
154	1.0003813657014158
155	1.0003836195631717
156	1.0003858749305843
157	1.0003881323038581
158	1.0003903916830061
159	1.0003926525678462
160	1.0003949154585856
161	1.000397180355238
162	1.0003994472578173
163	1.0004017161663366
164	1.0004039870808097
165	1.0004062600012504
166	1.000408534427468
167	1.000410810859678
168	1.0004130892978944
169	1.0004153697421305
170	1.0004176516921914
171	1.0004199356482975
172	1.0004222216104621
173	1.000424509078487
174	1.0004267985525959
175	1.0004290895325876
176	1.0004313825186886
177	1.0004336770106956
178	1.000435973508837
179	1.0004382715129074
180	1.0004405710229172
181	1.0004428720388767
182	1.0004451740605738
183	1.000447477588239
184	1.0004497831221075
185	1.0004520901619676
186	1.000454398707829
187	1.0004567087597025
188	1.0004590208178281
189	1.0004613343819888
190	1.0004636489519634
191	1.0004659645277585
192	1.0004682816096155
193	1.0004706001975447
194	1.0004729202915568
195	1.0004752413914244
196	1.0004775639973933
197	1.0004798876092338
198	1.0004822127271944
199	1.0004845393512856
200	1.0004868669812739
201	1.0004891951169221
202	1.0004915247587252
203	1.0004938554064469
204	1.0004961870600937
205	1.0004985197196732
206	1.000500853385192
207	1.0005031880566575
208	1.0005055232338236
209	1.0005078594169476
210	1.0005101966060372
211	1.0005125348010988
212	1.0005148735018823
213	1.0005172132086497
214	1.0005195534211482
215	1.0005218941393814
216	1.000524235363353
217	1.0005265770930662
218	1.000528919328525
219	1.0005312620697322
220	1.0005336058169587
221	1.0005359495696755
222	1.0005382933278826
223	1.00054063759185
224	1.0005429828618533
225	1.0005453281373538
226	1.0005476734183516
227	1.0005500187048466
228	1.0005523639968392
229	1.0005547092943292
230	1.0005570540970379
231	1.0005593989052417
232	1.0005617437189405
233	1.0005640885381346
234	1.0005664333628235
235	1.0005687776927232
236	1.0005711220281157
237	1.0005734663690011
238	1.0005758097148034
239	1.0005781525658048
240	1.0005804954222919
241	1.000582837283682
242	1.0005851786502606
243	1.0005875195220244
244	1.0005898598989695
245	1.0005921992807967
246	1.000594537667499
247	1.000596875059069
248	1.0005992114555
249	1.0006015468567848
250	1.0006038807626148
251	1.0006062141735854
252	1.0006085465893892
253	1.0006108775097133
254	1.0006132069345477
255	1.0006155348638817
256	1.0006178612977046
257	1.0006201862360065
258	1.0006225096787764
259	1.000624831626004
260	1.0006271515773655
261	1.0006294690325324
262	1.0006317849921185
263	1.0006340989557967
264	1.0006364109235533
265	1.0006387203950549
266	1.0006410278706046
267	1.0006433328498672
268	1.0006456358331477
269	1.000647936320109
270	1.0006502343107333
271	1.0006525293046775
272	1.0006548218022482
273	1.0006571113030998
274	1.0006593978072114
275	1.0006616818148935
276	1.000663962825797
277	1.0006662408399014
278	1.000668515857186
279	1.0006707868769598
280	1.0006730548998684
281	1.000675319425554
282	1.0006775804539927
283	1.0006798379851607
284	1.0006820915186934
285	1.0006843415549056
286	1.000686588093774
287	1.0006888306349309
288	1.0006910691783488
289	1.0006933032236545
290	1.0006955332711656
291	1.0006977588205064
292	1.000699979871647
293	1.000702196424557
294	1.0007044084792072
295	1.000706615535214
296	1.0007088180928987
297	1.0007110151515206
298	1.0007132077117566
299	1.000715394772862
300	1.0007175768351593
301	1.000719753398256
302	1.000721923961755
303	1.0007240890259796
304	1.0007262485908939
305	1.0007284026564622
306	1.0007305507222841
307	1.0007326927883204
308	1.0007348288545328
309	1.000736958920883
310	1.0007390824869629
311	1.000741200053102
312	1.0007433106185184
313	1.0007454146835408
314	1.0007475117477544
315	1.0007496023114901
316	1.000751685874331
317	1.0007537619358569
318	1.0007558309963986
319	1.000757893055913
320	1.0007599476139764
321	1.0007619941701618
322	1.0007640332248022
323	1.0007660647778516
324	1.0007680883288803
325	1.00077010387784
326	1.000772111424682
327	1.0007741099685838
328	1.0007761005102682
329	1.000778082549298
330	1.0007800555852326
331	1.000782019618019
332	1.0007839751479959
333	1.0007859211743275
334	1.0007878581973526
335	1.0007897862170185
336	1.0007917047328776
337	1.000793614245272
338	1.0007955132529567
339	1.0007974027566693
340	1.0007992822559566
341	1.000801151750762
342	1.0008030112410293
343	1.0008048602263007
344	1.0008066987065176
345	1.0008085261812179
346	1.0008103431507465
347	1.0008121496150462
348	1.0008139445732462
349	1.0008157290261002
350	1.0008175019727346
351	1.0008192634130881
352	1.0008210133471
353	1.0008227517747101
354	1.0008244786958582
355	1.0008261931096585
356	1.000827895516461
357	1.000829585916204
358	1.0008312638084111
359	1.0008329296934362
360	1.0008345825703846
361	1.0008362224391916
362	1.0008378492997934
363	1.0008394631521265
364	1.000841063996128
365	1.0008426518317357
366	1.0008442261584651
367	1.000845786976253
368	1.0008473342850357
369	1.0008488675843263
370	1.0008503863736353
371	1.0008518911533224
372	1.0008533819233245
373	1.0008548581831516
374	1.0008563204331675
375	1.0008577676724533
376	1.0008591999009435
377	1.0008606176190042
378	1.0008620198257119
379	1.000863406521001
380	1.0008647777048072
381	1.0008661333770668
382	1.0008674735377165
383	1.0008687981866944
384	1.0008701068235035
385	1.0008713994480811
386	1.0008726760603652
387	1.0008739366602948
388	1.0008751807473713
389	1.0008764083215331
390	1.000877618882281
391	1.0008788129299926
392	1.0008799894637288
393	1.0008811489838683
394	1.000882291490352
395	1.000883415982238
396	1.0008845229599084
397	1.0008856129237473
398	1.0008866848728126
399	1.0008877393074906
400	1.0008887757272813
401	1.000889793131239
402	1.0008907925201964
403	1.0008917733936535
404	1.0008927357515565
405	1.0008936795938512
406	1.0008946044200384
407	1.0008955102300654
408	1.0008963970238802
409	1.0008972648014327
410	1.000898113062224
411	1.0008989418062046
412	1.0008997510333264
413	1.0009005407435414
414	1.000901310936804
415	1.0009020606121666
416	1.0009027902700347
417	1.0009034999103645
418	1.0009041895331134
419	1.0009048586377878
420	1.0009055072243465
421	1.0009061352927493
422	1.0009067423425044
423	1.0009073288740273
424	1.0009078948872818
425	1.000908439881779
426	1.0009089633570298
427	1.0009094658134556
428	1.0009099467505695
429	1.0009104061683405
430	1.0009108445671944
431	1.0009112609461923
432	1.0009116558057627
433	1.00091202914588
434	1.0009123804660638
435	1.000912709766291
436	1.0009130170465401
437	1.0009133023067907
438	1.000913565046567
439	1.0009138047653945
440	1.0009140224641708
441	1.0009142176424242
442	1.0009143903001416
443	1.0009145399368542
444	1.000914667053009
445	1.0009147711481396
446	1.0009148522222393
447	1.00091491077576
448	1.0009149463082399
449	1.0009149583192194
450	1.0009149473091548
451	1.0009149132780473
452	1.0009148557254413
453	1.0009147746513414
454	1.0009146700557527
455	1.0009145419386833
456	1.0009143897996844
457	1.0009142141392244
458	1.0009140149573157
459	1.0009137917535151
460	1.000913545028296
461	1.0009132742812186
462	1.0009129800127592
463	1.0009126617224822
464	1.0009123194104104
465	1.0009119535770246
466	1.0009115637218946
467	1.000911149344593
468	1.0009107109456055
469	1.000910248524964
470	1.0009097615822464
471	1.0009092506179436
472	1.0009087156320922
473	1.0009081566247304
474	1.0009075730954453
475	1.000906965544733
476	1.0009063334721837
477	1.0009056773782972
478	1.0009049972631203
479	1.0009042921257982
480	1.000903562967287
481	1.000902809287188
482	1.000902031586007
483	1.0009012293633504
484	1.0009004031197266
485	1.0008995523547455
486	1.0008986770684696
487	1.0008977777614123
488	1.0008968544336383
489	1.0008959065847658
490	1.0008949347153124
491	1.000893938324901
492	1.0008929179140509
493	1.000891873482836
494	1.0008908050313314
495	1.000889712059169
496	1.0008885945664294
497	1.000887453554082
498	1.000886288521764
499	1.0008850994695595
500	1.0008838863975542
501	1.0008826493058351
502	1.0008813886949322
503	1.0008801040644941
504	1.000878795915053
505	1.0008774637462623
506	1.0008761085590938
507	1.0008747293527664
508	1.0008733266278163
509	1.000871900384342
510	1.0008704506224442
511	1.0008689778426598
512	1.0008674815446563
513	1.0008659622289726
514	1.000864419895713
515	1.0008628545449845
516	1.0008612661768947
517	1.0008596547915534
518	1.0008580208895006
519	1.0008563639704184
520	1.0008546845348487
521	1.000852982582905
522	1.0008512581147015
523	1.0008495116307798
524	1.0008477426308313
525	1.0008459516153985
526	1.0008441390850213
527	1.0008423045393957
528	1.0008404479786428
529	1.000838569402885
530	1.0008366693126647
531	1.0008347477081043
532	1.0008328050897444
533	1.0008308409572917
534	1.0008288563117018
535	1.00082685015227
536	1.000824822979538
537	1.000822775294045
538	1.0008207065955064
539	1.0008186178848713
540	1.000816509162265
541	1.000814380427814
