[[3.0219192870737612 3.0244442870737611 3.0269692870737619]
 [3.0219192870737612 3.0244442870737611 4.0269692870737614]
 [3.0219192870737612 3.0244442870737611 5.0269692870737614]
 ...
 [1.9831307129262392 4.0244442870737611 3.0269692870737619]
 [1.9831307129262392 4.0244442870737611 4.0269692870737614]
 [1.9831307129262392 4.0244442870737611 5.0269692870737614]]
[[3.0219192870737612 3.0244442870737611 3.0269692870737619]
 [3.0219192870737612 3.0244442870737611 4.0269692870737614]
 [3.0219192870737612 3.0244442870737611 5.0269692870737614]
 ...
 [1.9831307129262392 4.0244442870737611 3.0269692870737619]
 [1.9831307129262392 4.0244442870737611 4.0269692870737614]
 [1.9831307129262392 4.0244442870737611 5.0269692870737614]]
[[3.0294442870737615 3.0394942870737611 3.0495442870737617]
 [3.0294442870737615 3.0394942870737611 4.0495442870737621]
 [3.0294442870737615 3.0394942870737611 0.010755712926239563]
 ...
 [1.9906557129262392 4.0394942870737616 3.0495442870737617]
 [1.9906557129262392 4.0394942870737616 4.0495442870737621]
 [1.9906557129262392 4.0394942870737616 0.010755712926239563]]
[[3.0419692870737611 3.0645442870737609 3.0871192870737616]
 [3.0419692870737611 3.0645442870737609 4.0871192870737616]
 [3.0419692870737611 3.0645442870737609 0.04833071292623959]
 ...
 [2.0031807129262393 4.0645442870737609 3.0871192870737616]
 [2.0031807129262393 4.0645442870737609 4.0871192870737616]
 [2.0031807129262393 4.0645442870737609 0.04833071292623959]]
[[3.0594942870737611 3.0995942870737609 3.1396942870737621]
 [3.0594942870737611 3.0995942870737609 4.1396942870737625]
 [3.0594942870737611 3.0995942870737609 0.10090571292623951]
 ...
 [2.0207057129262394 4.0995942870737609 3.1396942870737621]
 [2.0207057129262394 4.0995942870737609 4.1396942870737625]
 [2.0207057129262394 4.0995942870737609 0.10090571292623951]]
[[3.082019287073761 3.1446442870737612 3.2072692870737618]
 [3.082019287073761 3.1446442870737612 4.2072692870737622]
 [3.082019287073761 3.1446442870737612 0.1684807129262389]
 ...
 [2.0432307129262393 4.1446442870737608 3.2072692870737618]
 [2.0432307129262393 4.1446442870737608 4.2072692870737622]
 [2.0432307129262393 4.1446442870737608 0.1684807129262389]]
[[3.0219192870737612 3.0244442870737611 3.0269692870737619]
 [3.0219192870737612 3.0244442870737611 4.0269692870737614]
 [3.0219192870737612 3.0244442870737611 5.0269692870737614]
 ...
 [1.9831307129262392 4.0244442870737611 3.0269692870737619]
 [1.9831307129262392 4.0244442870737611 4.0269692870737614]
 [1.9831307129262392 4.0244442870737611 5.0269692870737614]]
[[3.0294442870737615 3.0394942870737611 3.0495442870737617]
 [3.0294442870737615 3.0394942870737611 4.0495442870737621]
 [3.0294442870737615 3.0394942870737611 0.010755712926239563]
 ...
 [1.9906557129262392 4.0394942870737616 3.0495442870737617]
 [1.9906557129262392 4.0394942870737616 4.0495442870737621]
 [1.9906557129262392 4.0394942870737616 0.010755712926239563]]
[[3.0419692870737611 3.0645442870737609 3.0871192870737616]
 [3.0419692870737611 3.0645442870737609 4.0871192870737616]
 [3.0419692870737611 3.0645442870737609 0.04833071292623959]
 ...
 [2.0031807129262393 4.0645442870737609 3.0871192870737616]
 [2.0031807129262393 4.0645442870737609 4.0871192870737616]
 [2.0031807129262393 4.0645442870737609 0.04833071292623959]]
[[3.0594942870737611 3.0995942870737609 3.1396942870737621]
 [3.0594942870737611 3.0995942870737609 4.1396942870737625]
 [3.0594942870737611 3.0995942870737609 0.10090571292623951]
 ...
 [2.0207057129262394 4.0995942870737609 3.1396942870737621]
 [2.0207057129262394 4.0995942870737609 4.1396942870737625]
 [2.0207057129262394 4.0995942870737609 0.10090571292623951]]
[[3.082019287073761 3.1446442870737612 3.2072692870737618]
 [3.082019287073761 3.1446442870737612 4.2072692870737622]
 [3.082019287073761 3.1446442870737612 0.1684807129262389]
 ...
 [2.0432307129262393 4.1446442870737608 3.2072692870737618]
 [2.0432307129262393 4.1446442870737608 4.2072692870737622]
 [2.0432307129262393 4.1446442870737608 0.1684807129262389]]
