1	-0.005999	-0.006	-0.006	-0.006	-0.005999	-3e-06	-3e-06	-3e-06
2	-0.011996999999999999	-0.012	-0.012	-0.012	-0.011996999999999999	-1.2e-05	-1.2e-05	-1.2e-05
3	-0.017991999999999998	-0.017998999999999998	-0.018	-0.018	-0.017991999999999998	-2.7e-05	-2.7e-05	-2.7e-05
4	-0.023982999999999997	-0.023996999999999997	-0.024	-0.024	-0.023982999999999997	-4.7998000000000004e-05	-4.7999999999999994e-05	-4.7999999999999994e-05
5	-0.029969	-0.029994	-0.03	-0.03	-0.029969	-7.499400000000001e-05	-7.5e-05	-7.5e-05
6	-0.035949999999999996	-0.035989	-0.036	-0.035998999999999996	-0.035949999999999996	-0.000107986	-0.000108	-0.000108
7	-0.041923999999999996	-0.041982	-0.041999999999999996	-0.041997	-0.041923999999999996	-0.00014697200000000002	-0.000147	-0.000146998
8	-0.047889999999999995	-0.047972	-0.048	-0.047994999999999996	-0.047889999999999995	-0.00019195	-0.000192	-0.000191994
9	-0.053846	-0.053959	-0.054	-0.053993	-0.053846	-0.000242916	-0.000243	-0.000242988
10	-0.059794	-0.059942999999999996	-0.06	-0.059989999999999995	-0.059794	-0.000299868	-0.0003	-0.00029998
11	-0.065731	-0.065923	-0.066	-0.065986	-0.065731	-0.00036280199999999996	-0.000363	-0.000362968
12	-0.071656	-0.07189899999999999	-0.072	-0.071981	-0.071656	-0.0004317139999999999	-0.000432	-0.00043195200000000004
13	-0.07757	-0.077871	-0.078	-0.077975	-0.07757	-0.0005066	-0.000507	-0.00050693
14	-0.08347	-0.083838	-0.08399999999999999	-0.083968	-0.08347	-0.000587456	-0.0005879999999999999	-0.000587902
15	-0.08935699999999999	-0.08980099999999999	-0.09	-0.08996	-0.08935699999999999	-0.0006742769999999999	-0.0006749999999999999	-0.0006748659999999999
16	-0.095229	-0.095758	-0.096	-0.095951	-0.095229	-0.0007670579999999999	-0.0007679999999999999	-0.0007678219999999998
17	-0.101086	-0.10171	-0.102	-0.10194099999999999	-0.101086	-0.000865794	-0.0008669999999999998	-0.0008667679999999997
18	-0.106928	-0.107656	-0.108	-0.10793	-0.106928	-0.000970479	-0.0009719999999999999	-0.0009717039999999997
19	-0.11275299999999999	-0.11359599999999999	-0.11399999999999999	-0.11391799999999999	-0.11275299999999999	-0.0010811070000000002	-0.001083	-0.0010826279999999998
20	-0.118562	-0.11953	-0.12	-0.119905	-0.118562	-0.001197672	-0.0012	-0.0011995399999999996
21	-0.12435399999999999	-0.12545599999999998	-0.126	-0.12589	-0.12435399999999999	-0.001320167	-0.0013229999999999997	-0.0013224379999999998
22	-0.130128	-0.131376	-0.132	-0.131873	-0.130128	-0.0014485849999999998	-0.001452	-0.0014513199999999997
23	-0.135885	-0.137288	-0.13799999999999998	-0.137854	-0.135885	-0.0015829189999999997	-0.001587	-0.0015861839999999998
24	-0.141624	-0.14319199999999999	-0.144	-0.143834	-0.141624	-0.0017231609999999997	-0.0017280000000000002	-0.0017270279999999998
25	-0.147344	-0.149088	-0.15	-0.149813	-0.147344	-0.001869303	-0.0018750000000000001	-0.0018738519999999996
26	-0.153045	-0.154975	-0.156	-0.15578999999999998	-0.153045	-0.002021337	-0.0020280000000000003	-0.0020266539999999997
27	-0.158726	-0.160854	-0.162	-0.161765	-0.158726	-0.0021792539999999994	-0.0021870000000000006	-0.0021854319999999997
28	-0.164388	-0.16672499999999998	-0.16800099999999998	-0.167738	-0.164388	-0.0023430459999999997	-0.0023520010000000003	-0.0023501839999999995
29	-0.170031	-0.172586	-0.174002	-0.173709	-0.170031	-0.0025127039999999993	-0.0025230030000000002	-0.0025209079999999992
30	-0.175655	-0.17843799999999999	-0.180003	-0.179678	-0.175655	-0.0026882189999999995	-0.0027000060000000005	-0.002697601999999999
31	-0.181259	-0.18428	-0.186004	-0.185645	-0.181259	-0.0028695809999999995	-0.00288301	-0.002880263999999999
32	-0.18684299999999998	-0.190112	-0.19200499999999998	-0.19161	-0.18684299999999998	-0.0030567799999999994	-0.003072015	-0.003068891999999999
33	-0.192407	-0.195934	-0.198006	-0.197572	-0.192407	-0.003249805999999999	-0.003267021	-0.0032634839999999992
34	-0.197952	-0.20174599999999998	-0.204007	-0.203531	-0.197952	-0.003448648999999999	-0.0034680279999999997	-0.003464035999999999
35	-0.203477	-0.20754599999999998	-0.210008	-0.20948799999999998	-0.203477	-0.0036532979999999993	-0.0036750359999999996	-0.003670545999999999
36	-0.208983	-0.213336	-0.21600899999999998	-0.215443	-0.208983	-0.003863741999999999	-0.0038880449999999997	-0.0038830119999999986
37	-0.214468	-0.219114	-0.22200999999999999	-0.22139499999999998	-0.214468	-0.00407997	-0.004107055	-0.004101431999999999
38	-0.219933	-0.224881	-0.228011	-0.227344	-0.219933	-0.004301970999999999	-0.004332066000000001	-0.004325801999999998
39	-0.225379	-0.23063599999999998	-0.234012	-0.233291	-0.225379	-0.0045297329999999985	-0.004563078	-0.004556119999999999
40	-0.23080399999999998	-0.23637899999999998	-0.24001299999999998	-0.23923499999999998	-0.23080399999999998	-0.004763243999999999	-0.004800090999999999	-0.0047923839999999985
41	-0.23620999999999998	-0.24211	-0.24601399999999998	-0.24517599999999998	-0.23620999999999998	-0.005002491999999998	-0.005043104999999999	-0.0050345899999999985
42	-0.24159499999999998	-0.247829	-0.252015	-0.251114	-0.24159499999999998	-0.005247464999999999	-0.005292119999999999	-0.005282735999999998
43	-0.24695999999999999	-0.253535	-0.25801599999999997	-0.25704899999999997	-0.24695999999999999	-0.005498150999999999	-0.005547135999999999	-0.005536817999999997
44	-0.252306	-0.259228	-0.264019	-0.26298099999999996	-0.252306	-0.0057545359999999985	-0.005808153999999999	-0.005796833999999997
45	-0.25763199999999997	-0.264908	-0.270022	-0.26891	-0.25763199999999997	-0.006016607999999999	-0.006075174999999999	-0.006062779999999997
46	-0.262939	-0.270574	-0.27602499999999996	-0.27483599999999997	-0.262939	-0.006284352999999999	-0.006348198999999999	-0.006334653999999997
47	-0.26822599999999996	-0.276228	-0.282028	-0.280758	-0.26822599999999996	-0.006557757999999999	-0.006627225999999998	-0.006612451999999996
48	-0.273494	-0.281868	-0.288031	-0.28667699999999996	-0.273494	-0.006836809999999999	-0.006912255999999999	-0.006896169999999997
49	-0.278742	-0.28749399999999997	-0.29403399999999996	-0.292593	-0.278742	-0.0071214949999999985	-0.007203288999999998	-0.007185805999999996
50	-0.28397	-0.293105	-0.300037	-0.29850499999999996	-0.28397	-0.007411798999999998	-0.007500324999999999	-0.007481355999999996
51	-0.28917899999999996	-0.29870199999999997	-0.30604	-0.304413	-0.28917899999999996	-0.007707706999999998	-0.007803363999999998	-0.007782815999999996
52	-0.29436799999999996	-0.304284	-0.312044	-0.310317	-0.29436799999999996	-0.008009203999999999	-0.008112406999999997	-0.008090181999999996
53	-0.29953799999999997	-0.309851	-0.31804899999999997	-0.31621699999999997	-0.29953799999999997	-0.008316275999999997	-0.008427453999999996	-0.008403449999999995
54	-0.304689	-0.31540399999999996	-0.324054	-0.322113	-0.304689	-0.008628907999999998	-0.008748505999999994	-0.008722615999999994
55	-0.309821	-0.320941	-0.330059	-0.32800599999999996	-0.309821	-0.008947084999999997	-0.009075562999999993	-0.009047675999999992
56	-0.314934	-0.326464	-0.336064	-0.33389599999999997	-0.314934	-0.009270791999999996	-0.009408624999999992	-0.009378627999999991
57	-0.320029	-0.33197099999999996	-0.34207	-0.339781	-0.320029	-0.009600013999999997	-0.009747692999999993	-0.009715467999999993
58	-0.325104	-0.337462	-0.348076	-0.345661	-0.325104	-0.009934734999999997	-0.010092766999999994	-0.010058189999999993
59	-0.330161	-0.342937	-0.354083	-0.351537	-0.330161	-0.010274938999999997	-0.010443846999999994	-0.010406789999999994
60	-0.33519899999999997	-0.348396	-0.36008999999999997	-0.357409	-0.33519899999999997	-0.010620609999999996	-0.010800933999999993	-0.010761263999999994
61	-0.340219	-0.35383899999999996	-0.366097	-0.36327699999999996	-0.340219	-0.010971731999999994	-0.011164027999999994	-0.011121607999999993
62	-0.34521999999999997	-0.359266	-0.37210499999999996	-0.369141	-0.34521999999999997	-0.011328288999999995	-0.011533129999999994	-0.011487817999999992
63	-0.350203	-0.364676	-0.378114	-0.375001	-0.350203	-0.011690264999999995	-0.011908239999999995	-0.011859889999999993
64	-0.35516899999999996	-0.37007	-0.384123	-0.380856	-0.35516899999999996	-0.012057642999999996	-0.012289358999999994	-0.012237819999999991
65	-0.360116	-0.375446	-0.390133	-0.386706	-0.360116	-0.012430405999999998	-0.012676487999999994	-0.01262160199999999
66	-0.365046	-0.380806	-0.39614299999999997	-0.39255199999999996	-0.365046	-0.012808536999999998	-0.013069626999999995	-0.013011231999999989
67	-0.369958	-0.386148	-0.40215399999999996	-0.398393	-0.369958	-0.013192019	-0.013468775999999997	-0.013406705999999989
68	-0.374853	-0.39147299999999996	-0.408165	-0.404229	-0.374853	-0.013580835	-0.013873935999999998	-0.01380801799999999
69	-0.379731	-0.396781	-0.41417699999999996	-0.41006	-0.379731	-0.013974966999999998	-0.014285108	-0.01421516399999999
70	-0.384592	-0.40207099999999996	-0.42019	-0.415886	-0.384592	-0.014374397999999997	-0.014702292	-0.01462813799999999
71	-0.389437	-0.407344	-0.426203	-0.421707	-0.389437	-0.014779110999999998	-0.015125489	-0.015046935999999992
72	-0.394265	-0.412599	-0.43221699999999996	-0.427523	-0.394265	-0.015189087999999996	-0.0155547	-0.01547155199999999
73	-0.39907699999999996	-0.417836	-0.43823199999999995	-0.433334	-0.39907699999999996	-0.015604310999999996	-0.015989925	-0.01590198199999999
74	-0.403873	-0.42305499999999996	-0.444248	-0.439139	-0.403873	-0.016024761999999998	-0.016431166	-0.01633821999999999
75	-0.408653	-0.428255	-0.450264	-0.444939	-0.408653	-0.016450423	-0.016878423	-0.016780259999999988
76	-0.413417	-0.433436	-0.456281	-0.45073399999999997	-0.413417	-0.016881274	-0.017331695999999997	-0.017228097999999987
77	-0.418166	-0.43859899999999996	-0.46229899999999996	-0.45652299999999996	-0.418166	-0.017317297000000002	-0.017790986999999998	-0.017681727999999987
78	-0.42290099999999997	-0.443743	-0.46831799999999996	-0.462306	-0.42290099999999997	-0.017758474000000003	-0.018256295999999995	-0.018141143999999984
79	-0.427621	-0.448868	-0.474338	-0.468084	-0.427621	-0.018204785	-0.018727624999999994	-0.018606339999999985
80	-0.432326	-0.453974	-0.480359	-0.473857	-0.432326	-0.018656212	-0.019204973999999996	-0.019077311999999985
81	-0.43701799999999996	-0.459061	-0.48638099999999995	-0.479624	-0.43701799999999996	-0.019112735	-0.019688345	-0.019554053999999987
82	-0.441696	-0.46412899999999996	-0.49240399999999995	-0.48538499999999996	-0.441696	-0.019574335999999998	-0.020177737999999997	-0.020036559999999988
83	-0.44636	-0.46917699999999996	-0.498428	-0.49113999999999997	-0.44636	-0.020040995	-0.020673154999999995	-0.02052482399999999
84	-0.451011	-0.474205	-0.5044529999999999	-0.49688899999999997	-0.451011	-0.020512692	-0.021174595999999993	-0.02101883999999999
85	-0.45564899999999997	-0.479213	-0.510479	-0.502632	-0.45564899999999997	-0.020989407	-0.02168206299999999	-0.02151860199999999
86	-0.460275	-0.48420199999999997	-0.5165069999999999	-0.508369	-0.460275	-0.021471121000000003	-0.022195556999999994	-0.02202410399999999
87	-0.46488799999999997	-0.48917099999999997	-0.522536	-0.514099	-0.46488799999999997	-0.021957814000000006	-0.022715078999999996	-0.022535339999999987
88	-0.46948999999999996	-0.49412	-0.528566	-0.519822	-0.46948999999999996	-0.022449466000000008	-0.023240630999999994	-0.02305230199999999
89	-0.474081	-0.499048	-0.534597	-0.525539	-0.474081	-0.022946056000000006	-0.023772212999999997	-0.023574983999999986
90	-0.47866	-0.503956	-0.540629	-0.53125	-0.47866	-0.023447564000000004	-0.024309826999999996	-0.024103379999999987
91	-0.48322899999999996	-0.5088429999999999	-0.546663	-0.536955	-0.48322899999999996	-0.023953970000000005	-0.024853473999999997	-0.024637483999999987
92	-0.487788	-0.51371	-0.552698	-0.5426529999999999	-0.487788	-0.024465253000000006	-0.025403155	-0.025177289999999984
93	-0.492336	-0.518556	-0.558735	-0.5483439999999999	-0.492336	-0.024981392000000005	-0.025958871999999997	-0.02572278999999998
94	-0.49687499999999996	-0.523381	-0.564773	-0.554029	-0.49687499999999996	-0.025502367000000005	-0.026520626999999995	-0.026273977999999983
95	-0.501405	-0.528184	-0.570813	-0.559707	-0.501405	-0.026028156000000004	-0.027088420999999998	-0.026830847999999984
96	-0.505925	-0.532967	-0.576854	-0.5653779999999999	-0.505925	-0.026558738000000005	-0.027662255	-0.02739339199999998
97	-0.510437	-0.537728	-0.582897	-0.5710419999999999	-0.510437	-0.027094092000000007	-0.028242131	-0.02796160399999998
98	-0.514941	-0.5424669999999999	-0.5889409999999999	-0.576699	-0.514941	-0.027634196000000007	-0.028828050999999997	-0.028535475999999983
99	-0.5194369999999999	-0.547184	-0.5949869999999999	-0.582349	-0.5194369999999999	-0.02817902800000001	-0.029420015999999997	-0.02911500199999998
100	-0.523926	-0.5518799999999999	-0.601035	-0.5879909999999999	-0.523926	-0.02872856700000001	-0.030018028	-0.029700173999999982
101	-0.528407	-0.556554	-0.607085	-0.593626	-0.528407	-0.02928279100000001	-0.030622089	-0.03029098399999998
102	-0.532882	-0.561205	-0.6131369999999999	-0.599254	-0.532882	-0.02984167700000001	-0.031232201000000005	-0.03088742599999998
103	-0.53735	-0.565834	-0.6191909999999999	-0.604874	-0.53735	-0.030405203000000013	-0.031848366	-0.03148949199999998
104	-0.541812	-0.57044	-0.625247	-0.610487	-0.541812	-0.030973347000000012	-0.03247058600000001	-0.03209717399999998
105	-0.546269	-0.575024	-0.631304	-0.616093	-0.546269	-0.031546086000000015	-0.03309886200000001	-0.03271046599999998
106	-0.55072	-0.5795859999999999	-0.637363	-0.621691	-0.55072	-0.03212339800000001	-0.03373319600000001	-0.033329359999999975
107	-0.5551659999999999	-0.584124	-0.643425	-0.627281	-0.5551659999999999	-0.032705260000000014	-0.03437359100000001	-0.03395384799999998
108	-0.559607	-0.588639	-0.649489	-0.632863	-0.559607	-0.03329164900000002	-0.03502004900000001	-0.034583921999999975
109	-0.564044	-0.593131	-0.655555	-0.6384369999999999	-0.564044	-0.033882541000000016	-0.035672572000000013	-0.035219573999999976
110	-0.568477	-0.597599	-0.661623	-0.644003	-0.568477	-0.03447791300000001	-0.036331162000000014	-0.03586079599999997
111	-0.5729069999999999	-0.602043	-0.667693	-0.6495609999999999	-0.5729069999999999	-0.03507774100000001	-0.03699582100000001	-0.03650757999999997
112	-0.577334	-0.606464	-0.673765	-0.655111	-0.577334	-0.035682002000000004	-0.037666551000000006	-0.03715991799999997
113	-0.581758	-0.610861	-0.67984	-0.6606529999999999	-0.581758	-0.03629067200000001	-0.03834335400000001	-0.03781780199999997
114	-0.586179	-0.615234	-0.685917	-0.666187	-0.586179	-0.03690372700000001	-0.03902623300000001	-0.03848122399999997
115	-0.5905969999999999	-0.619582	-0.691997	-0.671713	-0.5905969999999999	-0.03752114200000001	-0.03971519100000001	-0.03915017599999997
116	-0.5950139999999999	-0.6239049999999999	-0.698079	-0.67723	-0.5950139999999999	-0.03814289300000001	-0.040410230000000005	-0.03982464999999996
117	-0.599429	-0.628204	-0.704164	-0.682738	-0.599429	-0.03876895500000001	-0.041111352000000004	-0.040504635999999955
118	-0.603842	-0.632478	-0.710252	-0.688238	-0.603842	-0.03939930400000001	-0.041818561000000004	-0.04119012599999995
119	-0.608255	-0.6367269999999999	-0.7163419999999999	-0.6937289999999999	-0.608255	-0.040033914000000004	-0.042531859000000005	-0.041881111999999956
120	-0.612667	-0.64095	-0.7224349999999999	-0.6992109999999999	-0.612667	-0.04067276	-0.043251248000000006	-0.04257758399999996
121	-0.6170789999999999	-0.6451479999999999	-0.7285309999999999	-0.704685	-0.6170789999999999	-0.041315817000000005	-0.043976732000000004	-0.04327953399999997
122	-0.62149	-0.64932	-0.734629	-0.71015	-0.62149	-0.04196305900000001	-0.044708313	-0.04398695399999997
123	-0.625902	-0.653466	-0.7407309999999999	-0.715606	-0.625902	-0.04261446000000001	-0.045445994	-0.044699833999999966
124	-0.630313	-0.657586	-0.7468349999999999	-0.7210529999999999	-0.630313	-0.043269994000000006	-0.046189778	-0.04541816599999997
125	-0.634725	-0.6616799999999999	-0.7529429999999999	-0.726491	-0.634725	-0.04392963500000001	-0.046939668000000004	-0.046141939999999965
126	-0.639138	-0.665748	-0.759054	-0.73192	-0.639138	-0.044593357000000014	-0.047695667	-0.04687114799999996
127	-0.643552	-0.669789	-0.765168	-0.737339	-0.643552	-0.04526113400000001	-0.04845777899999999	-0.04760577999999996
128	-0.647967	-0.6738029999999999	-0.771285	-0.742749	-0.647967	-0.045932938000000006	-0.04922600599999999	-0.04834582599999995
129	-0.6523829999999999	-0.67779	-0.777405	-0.74815	-0.6523829999999999	-0.04660874300000001	-0.050000351999999984	-0.04909127799999995
130	-0.656801	-0.6817489999999999	-0.7835289999999999	-0.753541	-0.656801	-0.047288521000000014	-0.05078081999999999	-0.049842125999999945
131	-0.661222	-0.685681	-0.7896559999999999	-0.758922	-0.661222	-0.04797224400000001	-0.05156741299999999	-0.05059835999999994
132	-0.6656449999999999	-0.6895859999999999	-0.7957869999999999	-0.764293	-0.6656449999999999	-0.04865988600000001	-0.05236013499999999	-0.051359969999999935
133	-0.6700699999999999	-0.6934629999999999	-0.801921	-0.769654	-0.6700699999999999	-0.04935141900000001	-0.05315898999999999	-0.05212694599999994
134	-0.6744979999999999	-0.697311	-0.808059	-0.775006	-0.6744979999999999	-0.05004681500000001	-0.053963980999999994	-0.05289927799999994
135	-0.678928	-0.7011299999999999	-0.814201	-0.780349	-0.678928	-0.050746044000000004	-0.054775112	-0.05367695799999994
136	-0.683361	-0.704921	-0.8203469999999999	-0.785682	-0.683361	-0.05144907800000001	-0.05559238700000001	-0.05445997599999994
137	-0.687797	-0.708683	-0.8264969999999999	-0.7910039999999999	-0.687797	-0.05215588900000001	-0.05641581000000001	-0.05524832199999993
138	-0.692237	-0.7124159999999999	-0.83265	-0.796315	-0.692237	-0.05286644700000001	-0.05724538400000001	-0.056041983999999934
139	-0.696681	-0.71612	-0.838807	-0.801616	-0.696681	-0.05358072400000001	-0.058081113000000004	-0.05684095199999993
140	-0.701127	-0.7197939999999999	-0.844969	-0.8069069999999999	-0.701127	-0.05429869000000001	-0.058923002	-0.05764521599999993
141	-0.705577	-0.7234379999999999	-0.851135	-0.8121879999999999	-0.705577	-0.055020315000000014	-0.059771055000000003	-0.058454765999999936
142	-0.7100299999999999	-0.7270519999999999	-0.857305	-0.8174589999999999	-0.7100299999999999	-0.05574556900000001	-0.060625276000000006	-0.05926959199999994
143	-0.714488	-0.7306349999999999	-0.8634799999999999	-0.822719	-0.714488	-0.05647442200000001	-0.06148566900000001	-0.060089683999999935
144	-0.71895	-0.7341869999999999	-0.869659	-0.8279679999999999	-0.71895	-0.05720684200000001	-0.062352239000000004	-0.06091502999999994
145	-0.723416	-0.737709	-0.875842	-0.833206	-0.723416	-0.057942799	-0.06322499000000001	-0.061745619999999946
146	-0.7278859999999999	-0.7412	-0.88203	-0.838433	-0.7278859999999999	-0.058682263	-0.064103927	-0.06258144199999995
147	-0.7323609999999999	-0.744659	-0.888223	-0.84365	-0.7323609999999999	-0.059425201999999996	-0.06498905400000002	-0.06342248599999996
148	-0.7368399999999999	-0.7480859999999999	-0.89442	-0.8488559999999999	-0.7368399999999999	-0.060171584	-0.06588037600000002	-0.06426874199999995
149	-0.741323	-0.751481	-0.9006219999999999	-0.85405	-0.741323	-0.060921377	-0.06677789800000003	-0.06512019799999995
150	-0.74581	-0.754844	-0.906829	-0.8592329999999999	-0.74581	-0.061674548999999995	-0.06768162400000002	-0.06597684199999994
151	-0.750301	-0.7581749999999999	-0.913041	-0.864405	-0.750301	-0.06243106799999999	-0.06859156000000002	-0.06683866399999995
152	-0.7547959999999999	-0.761473	-0.9192579999999999	-0.8695649999999999	-0.7547959999999999	-0.06319090199999998	-0.06950771000000003	-0.06770565199999996
153	-0.7592939999999999	-0.7647379999999999	-0.92548	-0.874714	-0.7592939999999999	-0.06395401699999999	-0.07043008000000003	-0.06857779399999996
154	-0.763797	-0.7679699999999999	-0.931707	-0.879852	-0.763797	-0.06472038099999998	-0.07135867400000004	-0.06945507999999996
155	-0.768304	-0.771168	-0.93794	-0.8849779999999999	-0.768304	-0.06548995999999997	-0.07229349800000004	-0.07033749799999996
156	-0.772814	-0.774332	-0.944179	-0.890092	-0.772814	-0.06626271999999998	-0.07323455800000003	-0.07122503599999995
157	-0.777328	-0.777462	-0.950422	-0.8951939999999999	-0.777328	-0.06703862699999998	-0.07418185900000004	-0.07211768199999995
158	-0.781845	-0.780558	-0.9566709999999999	-0.900284	-0.781845	-0.06781764699999997	-0.07513540600000004	-0.07301542399999995
159	-0.786366	-0.78362	-0.962926	-0.905362	-0.786366	-0.06859974599999998	-0.07609520500000005	-0.07391824999999995
160	-0.790891	-0.786647	-0.9691869999999999	-0.9104279999999999	-0.790891	-0.06938488999999996	-0.07706126200000005	-0.07482614799999994
161	-0.79542	-0.789638	-0.9754539999999999	-0.9154819999999999	-0.79542	-0.07017304299999998	-0.07803358300000005	-0.07573910599999993
162	-0.7999529999999999	-0.7925949999999999	-0.9817269999999999	-0.920524	-0.7999529999999999	-0.07096416999999998	-0.07901217400000005	-0.07665711199999993
163	-0.8044899999999999	-0.795516	-0.9880059999999999	-0.925554	-0.8044899999999999	-0.07175823599999999	-0.07999704100000005	-0.07758015399999994
164	-0.809031	-0.7984009999999999	-0.9942909999999999	-0.930572	-0.809031	-0.072555205	-0.08098819000000004	-0.07850821999999995
165	-0.8135749999999999	-0.80125	-1.0005819999999999	-0.935577	-0.8135749999999999	-0.073355041	-0.08198562700000003	-0.07944129799999995
166	-0.8181229999999999	-0.8040619999999999	-1.0068789999999999	-0.940569	-0.8181229999999999	-0.074157708	-0.08298935800000004	-0.08037937399999996
167	-0.8226749999999999	-0.8068369999999999	-1.013183	-0.945549	-0.8226749999999999	-0.07496316800000001	-0.08399938900000004	-0.08132243599999996
168	-0.8272309999999999	-0.8095749999999999	-1.019494	-0.9505159999999999	-0.8272309999999999	-0.07577138500000001	-0.08501572800000004	-0.08227047199999997
169	-0.8317899999999999	-0.812275	-1.025811	-0.9554699999999999	-0.8317899999999999	-0.07658232100000002	-0.08603838100000005	-0.08322346799999998
170	-0.836353	-0.8149379999999999	-1.032135	-0.9604109999999999	-0.836353	-0.07739593900000001	-0.08706735400000004	-0.08418141199999997
171	-0.84092	-0.8175629999999999	-1.038466	-0.965339	-0.84092	-0.07821220100000002	-0.08810265500000003	-0.08514428999999997
172	-0.84549	-0.8201499999999999	-1.044803	-0.970254	-0.84549	-0.07903106900000002	-0.08914429000000004	-0.08611208999999996
173	-0.8500639999999999	-0.822699	-1.051148	-0.9751559999999999	-0.8500639999999999	-0.07985250500000003	-0.09019226600000005	-0.08708479799999995
174	-0.854641	-0.8252079999999999	-1.0574999999999999	-0.9800449999999999	-0.854641	-0.08067647000000004	-0.09124659000000004	-0.08806240199999994
175	-0.8592219999999999	-0.8276789999999999	-1.0638589999999999	-0.9849199999999999	-0.8592219999999999	-0.08150292500000005	-0.09230727000000005	-0.08904488799999995
176	-0.863806	-0.83011	-1.070225	-0.9897809999999999	-0.863806	-0.08233183100000004	-0.09337431200000004	-0.09003224199999994
177	-0.868394	-0.8325009999999999	-1.0765989999999999	-0.994628	-0.868394	-0.08316314800000003	-0.09444772400000004	-0.09102444999999994
178	-0.872985	-0.8348519999999999	-1.082981	-0.999462	-0.872985	-0.08399683600000003	-0.09552751400000004	-0.09202149799999994
179	-0.877579	-0.837163	-1.08937	-1.004283	-0.877579	-0.08483285500000003	-0.09661369000000003	-0.09302337399999995
180	-0.882177	-0.839434	-1.095767	-1.00909	-0.882177	-0.08567116500000004	-0.09770625900000002	-0.09403006399999995
181	-0.886776	-0.841664	-1.102172	-1.0138829999999999	-0.886776	-0.08651172600000002	-0.09880522900000002	-0.09504155399999996
182	-0.891378	-0.8438519999999999	-1.108585	-1.018662	-0.891378	-0.08735449600000002	-0.09991060800000001	-0.09605782999999997
183	-0.895984	-0.846	-1.1150069999999999	-1.023426	-0.895984	-0.08819943400000001	-0.10102240400000001	-0.09707887799999997
184	-0.900593	-0.8481059999999999	-1.121437	-1.028175	-0.900593	-0.08904649900000002	-0.10214062600000001	-0.09810468199999996
185	-0.9052049999999999	-0.85017	-1.127875	-1.03291	-0.9052049999999999	-0.08989564900000001	-0.10326528200000001	-0.09913522799999995
186	-0.90982	-0.8521909999999999	-1.134321	-1.037631	-0.90982	-0.09074684200000001	-0.10439638000000001	-0.10017050199999995
187	-0.914439	-0.85417	-1.140777	-1.0423369999999998	-0.914439	-0.09160003500000001	-0.105533929	-0.10121048999999994
188	-0.9190609999999999	-0.856105	-1.147241	-1.0470279999999998	-0.9190609999999999	-0.09245518500000001	-0.106677938	-0.10225517599999993
189	-0.923686	-0.8579979999999999	-1.153713	-1.051704	-0.923686	-0.093312249	-0.10782841500000001	-0.10330454599999993
190	-0.9283119999999999	-0.8598469999999999	-1.1601949999999999	-1.056365	-0.9283119999999999	-0.094171184	-0.108985369	-0.10435858399999993
191	-0.9329409999999999	-0.861652	-1.166685	-1.061011	-0.9329409999999999	-0.09503194599999999	-0.11014880899999999	-0.10541727599999993
192	-0.937573	-0.863413	-1.173185	-1.065642	-0.937573	-0.09589449099999998	-0.111318744	-0.10648060599999994
193	-0.9422079999999999	-0.8651289999999999	-1.179695	-1.070258	-0.9422079999999999	-0.09675877499999998	-0.112495184	-0.10754855999999995
194	-0.946846	-0.8668009999999999	-1.1862139999999999	-1.0748579999999999	-0.946846	-0.09762475299999997	-0.11367813800000001	-0.10862112199999994
195	-0.9514859999999999	-0.868427	-1.192742	-1.079443	-0.9514859999999999	-0.09849237999999998	-0.114867616	-0.10969827599999994
196	-0.956128	-0.870008	-1.19928	-1.084013	-0.956128	-0.09936161099999997	-0.116063627	-0.11078000799999994
197	-0.960773	-0.871544	-1.205828	-1.0885669999999998	-0.960773	-0.10023239999999999	-0.117266181	-0.11186630199999993
198	-0.965421	-0.873033	-1.212386	-1.093105	-0.965421	-0.10110470199999998	-0.11847528799999998	-0.11295714199999994
199	-0.9700719999999999	-0.8744759999999999	-1.2189539999999999	-1.097627	-0.9700719999999999	-0.10197846999999997	-0.11969095799999999	-0.11405251199999995
