1	-10.228122351954312	-10.228122351954312	-1.600828336134454	-10.228122351954312	-10.228122351954312	-0.6008283361344539
2	-10.228122351954312	-10.228122351954312	-1.6007923580181966	-10.228122351954312	-10.228122351954312	-0.6007923361344538
3	-10.228122351954312	-10.228122351954312	-1.6007324673360168	-10.228122351954312	-10.228122351954312	-0.6007323361444328
4	-10.228122351954312	-10.228122351954312	-1.600648773003056	-10.228122351954312	-10.228122351954312	-0.6006483362142351
5	-10.228122351954312	-10.228122351954312	-1.6005414267992581	-10.228122351954312	-10.228122351954312	-0.6005403364832124
6	-10.228122351954312	-10.228122351954312	-1.600410622675552	-10.228122351954312	-10.228122351954312	-0.6004083372493694
7	-10.228122351954312	-10.228122351954312	-1.6002565958722987	-10.228122351954312	-10.228122351954312	-0.6002523390576614
8	-10.228122351954312	-10.228122351954312	-1.6000796218576543	-10.228122351954312	-10.228122351954312	-0.600072342806994
9	-10.228122351954312	-10.228122351954312	-1.5998800150949573	-10.228122351954312	-10.228122351954312	-0.5998683498753777
10	-10.228122351954312	-10.228122351954312	-1.5996581276495818	-10.228122351954312	-10.228122351954312	-0.5996403622625988
11	-10.228122351954312	-10.228122351954312	-1.5994143476468676	-10.228122351954312	-10.228122351954312	-0.5993883827496699
12	-10.228122351954312	-10.228122351954312	-1.599149097593748	-10.228122351954312	-10.228122351954312	-0.5991124150742427
13	-10.228122351954312	-10.228122351954312	-1.5988628325775347	-10.228122351954312	-10.228122351954312	-0.598812464121072
14	-10.228122351954312	-10.228122351954312	-1.5985560383559714	-10.228122351954312	-10.228122351954312	-0.5984885361265434
15	-10.228122351954312	-10.228122351954312	-1.5982292293531413	-10.228122351954312	-10.228122351954312	-0.5981406388961964
16	-10.228122351954312	-10.228122351954312	-1.5978829465761037	-10.228122351954312	-10.228122351954312	-0.5977687820341043
17	-10.228122351954312	-10.228122351954312	-1.5975177554672522	-10.228122351954312	-10.228122351954312	-0.5973729771829009
18	-10.228122351954312	-10.228122351954312	-1.5971342437073248	-10.228122351954312	-10.228122351954312	-0.5969532382731845
19	-10.228122351954312	-10.228122351954312	-1.596733018983791	-10.228122351954312	-10.228122351954312	-0.5965095817809715
20	-10.228122351954312	-10.228122351954312	-1.5963147067389698	-10.228122351954312	-10.228122351954312	-0.5960420269918241
21	-10.228122351954312	-10.228122351954312	-1.595879947911748	-10.228122351954312	-10.228122351954312	-0.5955505962702295
22	-10.228122351954312	-10.228122351954312	-1.5954293966861488	-10.228122351954312	-10.228122351954312	-0.5950353153327765
23	-10.228122351954312	-10.228122351954312	-1.5949637182592953	-10.228122351954312	-10.228122351954312	-0.5944962135236427
24	-10.228122351954312	-10.228122351954312	-1.5944835866405165	-10.228122351954312	-10.228122351954312	-0.5939333240908896
25	-10.228122351954312	-10.228122351954312	-1.5939896824924784	-10.228122351954312	-10.228122351954312	-0.593346684462047
26	-10.228122351954312	-10.228122351954312	-1.593482691024315	-10.228122351954312	-10.228122351954312	-0.5927363365174642
27	-10.228122351954312	-10.228122351954312	-1.592963299945784	-10.228122351954312	-10.228122351954312	-0.5921023268599144
28	-10.228122351954312	-10.228122351954312	-1.592432197490506	-10.228122351954312	-10.228122351954312	-0.5914447070789475
29	-10.228122351954312	-10.228122351954312	-1.5918900705153771	-10.228122351954312	-10.228122351954312	-0.5907635340085121
30	-10.228122351954312	-10.228122351954312	-1.591337602682275	-10.228122351954312	-10.228122351954312	-0.5900588699763972
31	-10.228122351954312	-10.228122351954312	-1.5907754727272376	-10.228122351954312	-10.228122351954312	-0.5893307830440861
32	-10.228122351954312	-10.228122351954312	-1.5902043528213705	-10.228122351954312	-10.228122351954312	-0.5885793472356621
33	-10.228122351954312	-10.228122351954312	-1.5896249070268584	-10.228122351954312	-10.228122351954312	-0.5878046427544631
34	-10.228122351954312	-10.228122351954312	-1.5890377898506165	-10.228122351954312	-10.228122351954312	-0.5870067561862506
35	-10.228122351954312	-10.228122351954312	-1.5884436448973225	-10.228122351954312	-10.228122351954312	-0.5861857806877266
36	-10.228122351954312	-10.228122351954312	-1.5878431036228347	-10.228122351954312	-10.228122351954312	-0.5853418161593171
37	-10.228122351954312	-10.228122351954312	-1.5872367841883097	-10.228122351954312	-10.228122351954312	-0.5844749694012268
38	-10.228122351954312	-10.228122351954312	-1.5866252904147102	-10.228122351954312	-10.228122351954312	-0.5835853542518625
39	-10.228122351954312	-10.228122351954312	-1.586009210836816	-10.228122351954312	-10.228122351954312	-0.5826730917078224
40	-10.228122351954312	-10.228122351954312	-1.5853891178553372	-10.228122351954312	-10.228122351954312	-0.5817383100247524
41	-10.228122351954312	-10.228122351954312	-1.5847655669852683	-10.228122351954312	-10.228122351954312	-0.5807811447984786
42	-10.228122351954312	-10.228122351954312	-1.5841390961982118	-10.228122351954312	-10.228122351954312	-0.5798017390259367
43	-10.228122351954312	-10.228122351954312	-1.5835102253560507	-10.228122351954312	-10.228122351954312	-0.57880024314553
44	-10.228122351954312	-10.228122351954312	-1.5828794557330366	-10.228122351954312	-10.228122351954312	-0.5777768150566677
45	-10.228122351954312	-10.228122351954312	-1.5822472696231058	-10.228122351954312	-10.228122351954312	-0.5767316201183443
46	-10.228122351954312	-10.228122351954312	-1.5816141300290185	-10.228122351954312	-10.228122351954312	-0.5756648311267424
47	-10.228122351954312	-10.228122351954312	-1.580980480429739	-10.228122351954312	-10.228122351954312	-0.5745766282719491
48	-10.228122351954312	-10.228122351954312	-1.5803467446223398	-10.228122351954312	-10.228122351954312	-0.5734671990739938
49	-10.228122351954312	-10.228122351954312	-1.5797133266346084	-10.228122351954312	-10.228122351954312	-0.5723367382985182
50	-10.228122351954312	-10.228122351954312	-1.5790806107044613	-10.228122351954312	-10.228122351954312	-0.5711854478524994
51	-10.228122351954312	-10.228122351954312	-1.57844896132223	-10.228122351954312	-10.228122351954312	-0.5700135366605439
52	-10.228122351954312	-10.228122351954312	-1.577818723331862	-10.228122351954312	-10.228122351954312	-0.5688212205223668
53	-10.228122351954312	-10.228122351954312	-1.5771902220870895	-10.228122351954312	-10.228122351954312	-0.5676087219521594
54	-10.228122351954312	-10.228122351954312	-1.57656376365864	-10.228122351954312	-10.228122351954312	-0.5663762700006306
55	-10.228122351954312	-10.228122351954312	-1.5759396350886112	-10.228122351954312	-10.228122351954312	-0.5651241000605852
56	-10.228122351954312	-10.228122351954312	-1.575318104688191	-10.228122351954312	-10.228122351954312	-0.5638524536569662
57	-10.228122351954312	-10.228122351954312	-1.574699422374981	-10.228122351954312	-10.228122351954312	-0.5625615782223526
58	-10.228122351954312	-10.228122351954312	-1.5740838200462661	-10.228122351954312	-10.228122351954312	-0.5612517268589547
59	-10.228122351954312	-10.228122351954312	-1.5734715119846738	-10.228122351954312	-10.228122351954312	-0.5599231580881929
60	-10.228122351954312	-10.228122351954312	-1.5728626952927738	-10.228122351954312	-10.228122351954312	-0.5585761355889817
61	-10.228122351954312	-10.228122351954312	-1.5722575503532843	-10.228122351954312	-10.228122351954312	-0.5572109279258692
62	-10.228122351954312	-10.228122351954312	-1.5716562413116733	-10.228122351954312	-10.228122351954312	-0.5558278082682006
63	-10.228122351954312	-10.228122351954312	-1.5710589165780706	-10.228122351954312	-10.228122351954312	-0.5544270541014841
64	-10.228122351954312	-10.228122351954312	-1.5704657093455405	-10.228122351954312	-10.228122351954312	-0.5530089469321456
65	-10.228122351954312	-10.228122351954312	-1.5698767381218988	-10.228122351954312	-10.228122351954312	-0.5515737719868478
66	-10.228122351954312	-10.228122351954312	-1.5692921072723958	-10.228122351954312	-10.228122351954312	-0.5501218179075429
67	-10.228122351954312	-10.228122351954312	-1.5687119075707292	-10.228122351954312	-10.228122351954312	-0.5486533764434088
68	-10.228122351954312	-10.228122351954312	-1.5681362167559891	-10.228122351954312	-10.228122351954312	-0.547168742140792
69	-10.228122351954312	-10.228122351954312	-1.5675651000932795	-10.228122351954312	-10.228122351954312	-0.5456682120322525
70	-10.228122351954312	-10.228122351954312	-1.5669986109359022	-10.228122351954312	-10.228122351954312	-0.5441520853257686
71	-10.228122351954312	-10.228122351954312	-1.5664367912871262	-10.228122351954312	-10.228122351954312	-0.5426206630951211
72	-10.228122351954312	-10.228122351954312	-1.5658796723597075	-10.228122351954312	-10.228122351954312	-0.5410742479724269
73	-10.228122351954312	-10.228122351954312	-1.5653272751314569	-10.228122351954312	-10.228122351954312	-0.5395131438437496
74	-10.228122351954312	-10.228122351954312	-1.564779610895288	-10.228122351954312	-10.228122351954312	-0.5379376555486586
75	-10.228122351954312	-10.228122351954312	-1.5642366818023106	-10.228122351954312	-10.228122351954312	-0.5363480885845548
76	-10.228122351954312	-10.228122351954312	-1.5636984813966561	-10.228122351954312	-10.228122351954312	-0.5347447488165268
77	-10.228122351954312	-10.228122351954312	-1.5631649951408544	-10.228122351954312	-10.228122351954312	-0.5331279421934393
78	-10.228122351954312	-10.228122351954312	-1.5626362009306904	-10.228122351954312	-10.228122351954312	-0.5314979744709039
79	-10.228122351954312	-10.228122351954312	-1.5621120695985937	-10.228122351954312	-10.228122351954312	-0.5298551509417141
80	-10.228122351954312	-10.228122351954312	-1.5615925654047191	-10.228122351954312	-10.228122351954312	-0.528199776174275
81	-10.228122351954312	-10.228122351954312	-1.5610776465149863	-10.228122351954312	-10.228122351954312	-0.5265321537594947
82	-10.228122351954312	-10.228122351954312	-1.5605672654654459	-10.228122351954312	-10.228122351954312	-0.5248525860665472
83	-10.228122351954312	-10.228122351954312	-1.5600613696124377	-10.228122351954312	-10.228122351954312	-0.5231613740078612
84	-10.228122351954312	-10.228122351954312	-1.559559901568097	-10.228122351954312	-10.228122351954312	-0.521458816813631
85	-10.228122351954312	-10.228122351954312	-1.559062799620852	-10.228122351954312	-10.228122351954312	-0.5197452118160936
86	-10.228122351954312	-10.228122351954312	-1.5585699981406387	-10.228122351954312	-10.228122351954312	-0.5180208542437633
87	-10.228122351954312	-10.228122351954312	-1.5580814279686332	-10.228122351954312	-10.228122351954312	-0.5162860370257681
88	-10.228122351954312	-10.228122351954312	-1.5575970167913733	-10.228122351954312	-10.228122351954312	-0.5145410506063786
89	-10.228122351954312	-10.228122351954312	-1.5571166894992103	-10.228122351954312	-10.228122351954312	-0.5127861827697832
90	-10.228122351954312	-10.228122351954312	-1.5566403685290897	-10.228122351954312	-10.228122351954312	-0.5110217184751155
91	-10.228122351954312	-10.228122351954312	-1.5561679741917185	-10.228122351954312	-10.228122351954312	-0.5092479397017026
92	-10.228122351954312	-10.228122351954312	-1.5556994249832277	-10.228122351954312	-10.228122351954312	-0.5074651253044661
93	-10.228122351954312	-10.228122351954312	-1.555234637881486	-10.228122351954312	-10.228122351954312	-0.5056735508793733
94	-10.228122351954312	-10.228122351954312	-1.554773528627264	-10.228122351954312	-10.228122351954312	-0.5038734886388057
95	-10.228122351954312	-10.228122351954312	-1.5543160119904842	-10.228122351954312	-10.228122351954312	-0.5020652072966827
96	-10.228122351954312	-10.228122351954312	-1.5538620020218337	-10.228122351954312	-10.228122351954312	-0.5002489719631538
97	-10.228122351954312	-10.228122351954312	-1.5534114122900344	-10.228122351954312	-10.228122351954312	-0.49842504404864774
98	-10.228122351954312	-10.228122351954312	-1.5529641561051069	-10.228122351954312	-10.228122351954312	-0.4965936811770506
99	-10.228122351954312	-10.228122351954312	-1.552520146727975	-10.228122351954312	-10.228122351954312	-0.49475513710776187
100	-10.228122351954312	-10.228122351954312	-1.5520792975667865	-10.228122351954312	-10.228122351954312	-0.49290966166636657
101	-10.228122351954312	-10.228122351954312	-1.5516415223603361	-10.228122351954312	-10.228122351954312	-0.4910575006836462
102	-10.228122351954312	-10.228122351954312	-1.5512067353489936	-10.228122351954312	-10.228122351954312	-0.489198895942641
103	-10.228122351954312	-10.228122351954312	-1.5507748514335509	-10.228122351954312	-10.228122351954312	-0.4873340851334673
104	-10.228122351954312	-10.228122351954312	-1.5503457863224095	-10.228122351954312	-10.228122351954312	-0.4854633018155867
105	-10.228122351954312	-10.228122351954312	-1.5499194566675338	-10.228122351954312	-10.228122351954312	-0.48358677538721934
106	-10.228122351954312	-10.228122351954312	-1.5494957801896032	-10.228122351954312	-10.228122351954312	-0.48170473106158956
107	-10.228122351954312	-10.228122351954312	-1.5490746757927951	-10.228122351954312	-10.228122351954312	-0.47981738984969163
108	-10.228122351954312	-10.228122351954312	-1.5486560636696298	-10.228122351954312	-10.228122351954312	-0.4779249685492617
109	-10.228122351954312	-10.228122351954312	-1.548239865396311	-10.228122351954312	-10.228122351954312	-0.47602767973964427
110	-10.228122351954312	-10.228122351954312	-1.5478260040189846	-10.228122351954312	-10.228122351954312	-0.47412573178224376
111	-10.228122351954312	-10.228122351954312	-1.5474144041313433	-10.228122351954312	-10.228122351954312	-0.47221932882625445
112	-10.228122351954312	-10.228122351954312	-1.5470049919439888	-10.228122351954312	-10.228122351954312	-0.47030867081936717
113	-10.228122351954312	-10.228122351954312	-1.546597695345964	-10.228122351954312	-10.228122351954312	-0.4683939535231567
114	-10.228122351954312	-10.228122351954312	-1.546192443958856	-10.228122351954312	-10.228122351954312	-0.4664753685328584
115	-10.228122351954312	-10.228122351954312	-1.545789169183861	-10.228122351954312	-10.228122351954312	-0.46455310330125155
116	-10.228122351954312	-10.228122351954312	-1.5453878042421973	-10.228122351954312	-10.228122351954312	-0.4626273411663721
117	-10.228122351954312	-10.228122351954312	-1.5449882842092353	-10.228122351954312	-10.228122351954312	-0.460698261382787
118	-10.228122351954312	-10.228122351954312	-1.544590546042711	-10.228122351954312	-10.228122351954312	-0.45876603915616915
119	-10.228122351954312	-10.228122351954312	-1.544194528605371	-10.228122351954312	-10.228122351954312	-0.45683084568092147
120	-10.228122351954312	-10.228122351954312	-1.5438001726823927	-10.228122351954312	-10.228122351954312	-0.4548928481806074
121	-10.228122351954312	-10.228122351954312	-1.543407420993903	-10.228122351954312	-10.228122351954312	-0.4529522099509532
122	-10.228122351954312	-10.228122351954312	-1.5430162182029188	-10.228122351954312	-10.228122351954312	-0.4510090904051982
123	-10.228122351954312	-10.228122351954312	-1.542626510919009	-10.228122351954312	-10.228122351954312	-0.4490636451215764
124	-10.228122351954312	-10.228122351954312	-1.5422382476979735	-10.228122351954312	-10.228122351954312	-0.44711602589272376
125	-10.228122351954312	-10.228122351954312	-1.5418513790378214	-10.228122351954312	-10.228122351954312	-0.445166380776814
126	-10.228122351954312	-10.228122351954312	-1.541465857371315	-10.228122351954312	-10.228122351954312	-0.443214854150235
127	-10.228122351954312	-10.228122351954312	-1.5410816370553406	-10.228122351954312	-10.228122351954312	-0.44126158676162713
128	-10.228122351954312	-10.228122351954312	-1.5406986743573514	-10.228122351954312	-10.228122351954312	-0.4393067157871135
129	-10.228122351954312	-10.228122351954312	-1.5403169274391166	-10.228122351954312	-10.228122351954312	-0.43735037488656137
130	-10.228122351954312	-10.228122351954312	-1.539936356338002	-10.228122351954312	-10.228122351954312	-0.43539269426072236
131	-10.228122351954312	-10.228122351954312	-1.5395569229459942	-10.228122351954312	-10.228122351954312	-0.43343380070910775
132	-10.228122351954312	-10.228122351954312	-1.5391785790230164	-10.228122351954312	-10.228122351954312	-0.4314738176884631
133	-10.228122351954312	-10.228122351954312	-1.5388012043970385	-10.228122351954312	-10.228122351954312	-0.42951286537081856
134	-10.228122351954312	-10.228122351954312	-1.5384246821276102	-10.228122351954312	-10.228122351954312	-0.42755106069662446
135	-10.228122351954312	-10.228122351954312	-1.5380488984516802	-10.228122351954312	-10.228122351954312	-0.425588517428932
136	-10.228122351954312	-10.228122351954312	-1.537673742728533	-10.228122351954312	-10.228122351954312	-0.42362534620845677
137	-10.228122351954312	-10.228122351954312	-1.5372991073839952	-10.228122351954312	-10.228122351954312	-0.421661654609372
138	-10.228122351954312	-10.228122351954312	-1.5369248878540567	-10.228122351954312	-10.228122351954312	-0.4196975471956881
139	-10.228122351954312	-10.228122351954312	-1.5365509825280381	-10.228122351954312	-10.228122351954312	-0.4177331255780841
140	-10.228122351954312	-10.228122351954312	-1.5361772926914339	-10.228122351954312	-10.228122351954312	-0.415768488471066
141	-10.228122351954312	-10.228122351954312	-1.5358037224685437	-10.228122351954312	-10.228122351954312	-0.4138037317503337
142	-10.228122351954312	-10.228122351954312	-1.535430178765006	-10.228122351954312	-10.228122351954312	-0.411838948510249
143	-10.228122351954312	-10.228122351954312	-1.5350566350614683	-10.228122351954312	-10.228122351954312	-0.4098741652701643
144	-10.228122351954312	-10.228122351954312	-1.5346830913579306	-10.228122351954312	-10.228122351954312	-0.4079093820300796
145	-10.228122351954312	-10.228122351954312	-1.5343095476543929	-10.228122351954312	-10.228122351954312	-0.4059445987899949
146	-10.228122351954312	-10.228122351954312	-1.5339360039508552	-10.228122351954312	-10.228122351954312	-0.4039798155499102
147	-10.228122351954312	-10.228122351954312	-1.5335624602473175	-10.228122351954312	-10.228122351954312	-0.4020150323098255
148	-10.228122351954312	-10.228122351954312	-1.5331889165437798	-10.228122351954312	-10.228122351954312	-0.4000502490697408
149	-10.228122351954312	-10.228122351954312	-1.532815372840242	-10.228122351954312	-10.228122351954312	-0.3980854658296561
150	-10.228122351954312	-10.228122351954312	-1.5324418291367043	-10.228122351954312	-10.228122351954312	-0.3961206825895714
151	-10.228122351954312	-10.228122351954312	-1.5320682854331666	-10.228122351954312	-10.228122351954312	-0.3941558993494867
152	-10.228122351954312	-10.228122351954312	-1.531694741729629	-10.228122351954312	-10.228122351954312	-0.392191116109402
153	-10.228122351954312	-10.228122351954312	-1.5313211980260912	-10.228122351954312	-10.228122351954312	-0.3902263328693173
154	-10.228122351954312	-10.228122351954312	-1.5309476543225535	-10.228122351954312	-10.228122351954312	-0.3882615496292326
155	-10.228122351954312	-10.228122351954312	-1.5305741106190158	-10.228122351954312	-10.228122351954312	-0.3862967663891479
156	-10.228122351954312	-10.228122351954312	-1.5302005669154781	-10.228122351954312	-10.228122351954312	-0.3843319831490632
157	-10.228122351954312	-10.228122351954312	-1.5298270232119404	-10.228122351954312	-10.228122351954312	-0.3823671999089785
158	-10.228122351954312	-10.228122351954312	-1.5294534795084027	-10.228122351954312	-10.228122351954312	-0.3804024166688938
159	-10.228122351954312	-10.228122351954312	-1.529079935804865	-10.228122351954312	-10.228122351954312	-0.3784376334288091
160	-10.228122351954312	-10.228122351954312	-1.5287063921013273	-10.228122351954312	-10.228122351954312	-0.3764728501887244
161	-10.228122351954312	-10.228122351954312	-1.5283328483977896	-10.228122351954312	-10.228122351954312	-0.3745080669486397
162	-10.228122351954312	-10.228122351954312	-1.527959304694252	-10.228122351954312	-10.228122351954312	-0.372543283708555
163	-10.228122351954312	-10.228122351954312	-1.5275857609907142	-10.228122351954312	-10.228122351954312	-0.3705785004684703
164	-10.228122351954312	-10.228122351954312	-1.5272122172871765	-10.228122351954312	-10.228122351954312	-0.3686137172283856
165	-10.228122351954312	-10.228122351954312	-1.5268386735836388	-10.228122351954312	-10.228122351954312	-0.3666489339883009
166	-10.228122351954312	-10.228122351954312	-1.526465129880101	-10.228122351954312	-10.228122351954312	-0.3646841507482162
167	-10.228122351954312	-10.228122351954312	-1.5260915861765634	-10.228122351954312	-10.228122351954312	-0.3627193675081315
168	-10.228122351954312	-10.228122351954312	-1.5257180424730257	-10.228122351954312	-10.228122351954312	-0.3607545842680468
169	-10.228122351954312	-10.228122351954312	-1.525344498769488	-10.228122351954312	-10.228122351954312	-0.3587898010279621
170	-10.228122351954312	-10.228122351954312	-1.5249709550659503	-10.228122351954312	-10.228122351954312	-0.3568250177878774
171	-10.228122351954312	-10.228122351954312	-1.5245974113624126	-10.228122351954312	-10.228122351954312	-0.3548602345477927
172	-10.228122351954312	-10.228122351954312	-1.5242238676588749	-10.228122351954312	-10.228122351954312	-0.352895451307708
173	-10.228122351954312	-10.228122351954312	-1.5238503239553371	-10.228122351954312	-10.228122351954312	-0.3509306680676233
174	-10.228122351954312	-10.228122351954312	-1.5234767802517994	-10.228122351954312	-10.228122351954312	-0.3489658848275386
175	-10.228122351954312	-10.228122351954312	-1.5231032365482617	-10.228122351954312	-10.228122351954312	-0.3470011015874539
176	-10.228122351954312	-10.228122351954312	-1.522729692844724	-10.228122351954312	-10.228122351954312	-0.3450363183473692
177	-10.228122351954312	-10.228122351954312	-1.5223561491411863	-10.228122351954312	-10.228122351954312	-0.3430715351072845
178	-10.228122351954312	-10.228122351954312	-1.5219826054376486	-10.228122351954312	-10.228122351954312	-0.3411067518671998
179	-10.228122351954312	-10.228122351954312	-1.521609061734111	-10.228122351954312	-10.228122351954312	-0.3391419686271151
180	-10.228122351954312	-10.228122351954312	-1.5212355180305732	-10.228122351954312	-10.228122351954312	-0.3371771853870304
181	-10.228122351954312	-10.228122351954312	-1.5208619743270355	-10.228122351954312	-10.228122351954312	-0.3352124021469457
182	-10.228122351954312	-10.228122351954312	-1.5204884306234978	-10.228122351954312	-10.228122351954312	-0.333247618906861
183	-10.228122351954312	-10.228122351954312	-1.52011488691996	-10.228122351954312	-10.228122351954312	-0.3312828356667763
184	-10.228122351954312	-10.228122351954312	-1.5197413432164224	-10.228122351954312	-10.228122351954312	-0.3293180524266916
185	-10.228122351954312	-10.228122351954312	-1.5193677995128847	-10.228122351954312	-10.228122351954312	-0.3273532691866069
186	-10.228122351954312	-10.228122351954312	-1.518994255809347	-10.228122351954312	-10.228122351954312	-0.3253884859465222
187	-10.228122351954312	-10.228122351954312	-1.5186207121058093	-10.228122351954312	-10.228122351954312	-0.3234237027064375
188	-10.228122351954312	-10.228122351954312	-1.5182471684022716	-10.228122351954312	-10.228122351954312	-0.3214589194663528
189	-10.228122351954312	-10.228122351954312	-1.5178736246987339	-10.228122351954312	-10.228122351954312	-0.3194941362262681
190	-10.228122351954312	-10.228122351954312	-1.5175000809951962	-10.228122351954312	-10.228122351954312	-0.3175293529861834
191	-10.228122351954312	-10.228122351954312	-1.5171265372916585	-10.228122351954312	-10.228122351954312	-0.3155645697460987
192	-10.228122351954312	-10.228122351954312	-1.5167529935881208	-10.228122351954312	-10.228122351954312	-0.313599786506014
193	-10.228122351954312	-10.228122351954312	-1.516379449884583	-10.228122351954312	-10.228122351954312	-0.3116350032659293
194	-10.228122351954312	-10.228122351954312	-1.5160059061810454	-10.228122351954312	-10.228122351954312	-0.3096702200258446
195	-10.228122351954312	-10.228122351954312	-1.5156323624775077	-10.228122351954312	-10.228122351954312	-0.3077054367857599
196	-10.228122351954312	-10.228122351954312	-1.51525881877397	-10.228122351954312	-10.228122351954312	-0.3057406535456752
197	-10.228122351954312	-10.228122351954312	-1.5148852750704322	-10.228122351954312	-10.228122351954312	-0.3037758703055905
198	-10.228122351954312	-10.228122351954312	-1.5145117313668945	-10.228122351954312	-10.228122351954312	-0.3018110870655058
199	-10.228122351954312	-10.228122351954312	-1.5141381876633568	-10.228122351954312	-10.228122351954312	-0.2998463038254211
200	-10.228122351954312	-10.228122351954312	-1.5137646439598191	-10.228122351954312	-10.228122351954312	-0.2978815205853364
201	-10.228122351954312	-10.228122351954312	-1.5133911002562814	-10.228122351954312	-10.228122351954312	-0.2959167373452517
202	-10.228122351954312	-10.228122351954312	-1.5130175565527437	-10.228122351954312	-10.228122351954312	-0.293951954105167
203	-10.228122351954312	-10.228122351954312	-1.512644012849206	-10.228122351954312	-10.228122351954312	-0.2919871708650823
204	-10.228122351954312	-10.228122351954312	-1.5122704691456683	-10.228122351954312	-10.228122351954312	-0.2900223876249976
205	-10.228122351954312	-10.228122351954312	-1.5118969254421306	-10.228122351954312	-10.228122351954312	-0.2880576043849129
206	-10.228122351954312	-10.228122351954312	-1.511523381738593	-10.228122351954312	-10.228122351954312	-0.2860928211448282
207	-10.228122351954312	-10.228122351954312	-1.5111498380350552	-10.228122351954312	-10.228122351954312	-0.2841280379047435
208	-10.228122351954312	-10.228122351954312	-1.5107762943315175	-10.228122351954312	-10.228122351954312	-0.2821632546646588
209	-10.228122351954312	-10.228122351954312	-1.5104027506279798	-10.228122351954312	-10.228122351954312	-0.2801984714245741
210	-10.228122351954312	-10.228122351954312	-1.510029206924442	-10.228122351954312	-10.228122351954312	-0.2782336881844894
211	-10.228122351954312	-10.228122351954312	-1.5096556632209044	-10.228122351954312	-10.228122351954312	-0.2762689049444047
212	-10.228122351954312	-10.228122351954312	-1.5092821195173667	-10.228122351954312	-10.228122351954312	-0.27430412170432
213	-10.228122351954312	-10.228122351954312	-1.508908575813829	-10.228122351954312	-10.228122351954312	-0.2723393384642353
214	-10.228122351954312	-10.228122351954312	-1.5085350321102913	-10.228122351954312	-10.228122351954312	-0.2703745552241506
215	-10.228122351954312	-10.228122351954312	-1.5081614884067536	-10.228122351954312	-10.228122351954312	-0.2684097719840659
216	-10.228122351954312	-10.228122351954312	-1.5077879447032159	-10.228122351954312	-10.228122351954312	-0.2664449887439812
217	-10.228122351954312	-10.228122351954312	-1.5074144009996782	-10.228122351954312	-10.228122351954312	-0.2644802055038965
218	-10.228122351954312	-10.228122351954312	-1.5070408572961405	-10.228122351954312	-10.228122351954312	-0.2625154222638118
219	-10.228122351954312	-10.228122351954312	-1.5066673135926028	-10.228122351954312	-10.228122351954312	-0.2605506390237271
220	-10.228122351954312	-10.228122351954312	-1.506293769889065	-10.228122351954312	-10.228122351954312	-0.2585858557836424
221	-10.228122351954312	-10.228122351954312	-1.5059202261855273	-10.228122351954312	-10.228122351954312	-0.2566210725435577
222	-10.228122351954312	-10.228122351954312	-1.5055466824819896	-10.228122351954312	-10.228122351954312	-0.254656289303473
223	-10.228122351954312	-10.228122351954312	-1.505173138778452	-10.228122351954312	-10.228122351954312	-0.2526915060633883
224	-10.228122351954312	-10.228122351954312	-1.5047995950749142	-10.228122351954312	-10.228122351954312	-0.2507267228233036
225	-10.228122351954312	-10.228122351954312	-1.5044260513713765	-10.228122351954312	-10.228122351954312	-0.2487619395832189
226	-10.228122351954312	-10.228122351954312	-1.5040525076678388	-10.228122351954312	-10.228122351954312	-0.2467971563431342
227	-10.228122351954312	-10.228122351954312	-1.5036789639643011	-10.228122351954312	-10.228122351954312	-0.2448323731030495
228	-10.228122351954312	-10.228122351954312	-1.5033054202607634	-10.228122351954312	-10.228122351954312	-0.2428675898629648
229	-10.228122351954312	-10.228122351954312	-1.5029318765572257	-10.228122351954312	-10.228122351954312	-0.2409028066228801
230	-10.228122351954312	-10.228122351954312	-1.502558332853688	-10.228122351954312	-10.228122351954312	-0.2389380233827954
231	-10.228122351954312	-10.228122351954312	-1.5021847891501503	-10.228122351954312	-10.228122351954312	-0.2369732401427107
232	-10.228122351954312	-10.228122351954312	-1.5018112454466126	-10.228122351954312	-10.228122351954312	-0.235008456902626
233	-10.228122351954312	-10.228122351954312	-1.501437701743075	-10.228122351954312	-10.228122351954312	-0.2330436736625413
234	-10.228122351954312	-10.228122351954312	-1.5010641580395372	-10.228122351954312	-10.228122351954312	-0.2310788904224566
235	-10.228122351954312	-10.228122351954312	-1.5006906143359995	-10.228122351954312	-10.228122351954312	-0.2291141071823719
236	-10.228122351954312	-10.228122351954312	-1.5003170706324618	-10.228122351954312	-10.228122351954312	-0.2271493239422872
237	-10.228122351954312	-10.228122351954312	-1.499943526928924	-10.228122351954312	-10.228122351954312	-0.2251845407022025
238	-10.228122351954312	-10.228122351954312	-1.4995699832253864	-10.228122351954312	-10.228122351954312	-0.2232197574621178
239	-10.228122351954312	-10.228122351954312	-1.4991964395218487	-10.228122351954312	-10.228122351954312	-0.2212549742220331
240	-10.228122351954312	-10.228122351954312	-1.498822895818311	-10.228122351954312	-10.228122351954312	-0.2192901909819484
241	-10.228122351954312	-10.228122351954312	-1.4984493521147733	-10.228122351954312	-10.228122351954312	-0.2173254077418637
242	-10.228122351954312	-10.228122351954312	-1.4980758084112356	-10.228122351954312	-10.228122351954312	-0.215360624501779
243	-10.228122351954312	-10.228122351954312	-1.4977022647076979	-10.228122351954312	-10.228122351954312	-0.2133958412616943
244	-10.228122351954312	-10.228122351954312	-1.4973287210041601	-10.228122351954312	-10.228122351954312	-0.2114310580216096
245	-10.228122351954312	-10.228122351954312	-1.4969551773006224	-10.228122351954312	-10.228122351954312	-0.2094662747815249
246	-10.228122351954312	-10.228122351954312	-1.4965816335970847	-10.228122351954312	-10.228122351954312	-0.2075014915414402
247	-10.228122351954312	-10.228122351954312	-1.496208089893547	-10.228122351954312	-10.228122351954312	-0.2055367083013555
248	-10.228122351954312	-10.228122351954312	-1.4958345461900093	-10.228122351954312	-10.228122351954312	-0.2035719250612708
249	-10.228122351954312	-10.228122351954312	-1.4954610024864716	-10.228122351954312	-10.228122351954312	-0.2016071418211861
250	-10.228122351954312	-10.228122351954312	-1.495087458782934	-10.228122351954312	-10.228122351954312	-0.1996423585811014
251	-10.228122351954312	-10.228122351954312	-1.4947139150793962	-10.228122351954312	-10.228122351954312	-0.1976775753410167
252	-10.228122351954312	-10.228122351954312	-1.4943403713758585	-10.228122351954312	-10.228122351954312	-0.195712792100932
253	-10.228122351954312	-10.228122351954312	-1.4939668276723208	-10.228122351954312	-10.228122351954312	-0.1937480088608473
254	-10.228122351954312	-10.228122351954312	-1.493593283968783	-10.228122351954312	-10.228122351954312	-0.1917832256207626
255	-10.228122351954312	-10.228122351954312	-1.4932197402652454	-10.228122351954312	-10.228122351954312	-0.1898184423806779
256	-10.228122351954312	-10.228122351954312	-1.4928461965617077	-10.228122351954312	-10.228122351954312	-0.1878536591405932
257	-10.228122351954312	-10.228122351954312	-1.49247265285817	-10.228122351954312	-10.228122351954312	-0.1858888759005085
258	-10.228122351954312	-10.228122351954312	-1.4920991091546323	-10.228122351954312	-10.228122351954312	-0.1839240926604238
259	-10.228122351954312	-10.228122351954312	-1.4917255654510946	-10.228122351954312	-10.228122351954312	-0.1819593094203391
260	-10.228122351954312	-10.228122351954312	-1.4913520217475569	-10.228122351954312	-10.228122351954312	-0.1799945261802544
261	-10.228122351954312	-10.228122351954312	-1.4909784780440192	-10.228122351954312	-10.228122351954312	-0.1780297429401697
262	-10.228122351954312	-10.228122351954312	-1.4906049343404815	-10.228122351954312	-10.228122351954312	-0.176064959700085
263	-10.228122351954312	-10.228122351954312	-1.4902313906369438	-10.228122351954312	-10.228122351954312	-0.1741001764600003
264	-10.228122351954312	-10.228122351954312	-1.489857846933406	-10.228122351954312	-10.228122351954312	-0.1721353932199156
265	-10.228122351954312	-10.228122351954312	-1.4894843032298684	-10.228122351954312	-10.228122351954312	-0.1701706099798309
266	-10.228122351954312	-10.228122351954312	-1.4891107595263307	-10.228122351954312	-10.228122351954312	-0.1682058267397462
267	-10.228122351954312	-10.228122351954312	-1.488737215822793	-10.228122351954312	-10.228122351954312	-0.1662410434996615
268	-10.228122351954312	-10.228122351954312	-1.4883636721192552	-10.228122351954312	-10.228122351954312	-0.1642762602595768
269	-10.228122351954312	-10.228122351954312	-1.4879901284157175	-10.228122351954312	-10.228122351954312	-0.1623114770194921
270	-10.228122351954312	-10.228122351954312	-1.4876165847121798	-10.228122351954312	-10.228122351954312	-0.1603466937794074
271	-10.228122351954312	-10.228122351954312	-1.4872430410086421	-10.228122351954312	-10.228122351954312	-0.1583819105393227
272	-10.228122351954312	-10.228122351954312	-1.4868694973051044	-10.228122351954312	-10.228122351954312	-0.156417127299238
273	-10.228122351954312	-10.228122351954312	-1.4864959536015667	-10.228122351954312	-10.228122351954312	-0.1544523440591533
274	-10.228122351954312	-10.228122351954312	-1.486122409898029	-10.228122351954312	-10.228122351954312	-0.1524875608190686
275	-10.228122351954312	-10.228122351954312	-1.4857488661944913	-10.228122351954312	-10.228122351954312	-0.1505227775789839
276	-10.228122351954312	-10.228122351954312	-1.4853753224909536	-10.228122351954312	-10.228122351954312	-0.1485579943388992
277	-10.228122351954312	-10.228122351954312	-1.485001778787416	-10.228122351954312	-10.228122351954312	-0.1465932110988145
278	-10.228122351954312	-10.228122351954312	-1.4846282350838782	-10.228122351954312	-10.228122351954312	-0.1446284278587298
279	-10.228122351954312	-10.228122351954312	-1.4842546913803405	-10.228122351954312	-10.228122351954312	-0.1426636446186451
280	-10.228122351954312	-10.228122351954312	-1.4838811476768028	-10.228122351954312	-10.228122351954312	-0.1406988613785604
281	-10.228122351954312	-10.228122351954312	-1.483507603973265	-10.228122351954312	-10.228122351954312	-0.1387340781384757
282	-10.228122351954312	-10.228122351954312	-1.4831340602697274	-10.228122351954312	-10.228122351954312	-0.13676929489839101
283	-10.228122351954312	-10.228122351954312	-1.4827605165661897	-10.228122351954312	-10.228122351954312	-0.13480451165830631
284	-10.228122351954312	-10.228122351954312	-1.482386972862652	-10.228122351954312	-10.228122351954312	-0.13283972841822161
285	-10.228122351954312	-10.228122351954312	-1.4820134291591143	-10.228122351954312	-10.228122351954312	-0.13087494517813691
286	-10.228122351954312	-10.228122351954312	-1.4816398854555766	-10.228122351954312	-10.228122351954312	-0.12891016193805221
287	-10.228122351954312	-10.228122351954312	-1.4812663417520389	-10.228122351954312	-10.228122351954312	-0.12694537869796751
288	-10.228122351954312	-10.228122351954312	-1.4808927980485012	-10.228122351954312	-10.228122351954312	-0.12498059545788283
289	-10.228122351954312	-10.228122351954312	-1.4805192543449635	-10.228122351954312	-10.228122351954312	-0.12301581221779814
290	-10.228122351954312	-10.228122351954312	-1.4801457106414257	-10.228122351954312	-10.228122351954312	-0.12105102897771346
291	-10.228122351954312	-10.228122351954312	-1.479772166937888	-10.228122351954312	-10.228122351954312	-0.11908624573762877
292	-10.228122351954312	-10.228122351954312	-1.4793986232343503	-10.228122351954312	-10.228122351954312	-0.11712146249754408
293	-10.228122351954312	-10.228122351954312	-1.4790250795308126	-10.228122351954312	-10.228122351954312	-0.1151566792574594
294	-10.228122351954312	-10.228122351954312	-1.478651535827275	-10.228122351954312	-10.228122351954312	-0.11319189601737471
295	-10.228122351954312	-10.228122351954312	-1.4782779921237372	-10.228122351954312	-10.228122351954312	-0.11122711277729003
296	-10.228122351954312	-10.228122351954312	-1.4779044484201995	-10.228122351954312	-10.228122351954312	-0.10926232953720534
297	-10.228122351954312	-10.228122351954312	-1.4775309047166618	-10.228122351954312	-10.228122351954312	-0.10729754629712066
298	-10.228122351954312	-10.228122351954312	-1.4771573610131241	-10.228122351954312	-10.228122351954312	-0.10533276305703597
299	-10.228122351954312	-10.228122351954312	-1.4767838173095864	-10.228122351954312	-10.228122351954312	-0.10336797981695128
300	-10.228122351954312	-10.228122351954312	-1.4764102736060487	-10.228122351954312	-10.228122351954312	-0.1014031965768666
