7.286502770731730916e-01 
7.286502770731730916e-01 
7.286502770731730916e-01 
7.286502770731730916e-01 
7.286502770731730916e-01 
7.286502770731730916e-01 
7.286502770731730916e-01 
7.286502770731730916e-01 
7.286502770731730916e-01 
-8.582297887124474833e-01
-8.582297887124474833e-01
-8.582297887124474833e-01
-8.582297887124474833e-01
-8.582297887124474833e-01
-8.582297887124474833e-01
-8.582297887124474833e-01
-8.582297887124474833e-01
-8.582297887124474833e-01
-2.549401115390868000e-01
-2.549401115390868000e-01
-2.549401115390868000e-01
-2.549401115390868000e-01
-2.549401115390868000e-01
-2.549401115390868000e-01
-2.549401115390868000e-01
-2.549401115390868000e-01
-2.549401115390868000e-01
