1	1.0	1.0
2	1.0	1.0
3	1.00001	1.0000049999875
4	1.00001	1.0000049999875
5	1.00001	1.0000049999875
6	1.0000200000000001	1.0000099999500005
7	1.0000200000000001	1.0000099999500005
8	1.0000200000000001	1.0000099999500005
9	1.00003	1.0000149998875016
10	1.00003	1.0000149998875016
11	1.00003	1.0000149998875016
12	1.00003	1.0000149998875016
13	1.00004	1.0000199998000041
14	1.00004	1.0000199998000041
15	1.00004	1.0000199998000041
16	1.00005	1.000024999687508
17	1.00005	1.000024999687508
18	1.00005	1.000024999687508
19	1.00005	1.000024999687508
20	1.0000600000000002	1.0000299995500135
21	1.0000600000000002	1.0000299995500135
22	1.0000600000000002	1.0000299995500135
23	1.00007	1.0000349993875215
24	1.00007	1.0000349993875215
25	1.00007	1.0000349993875215
26	1.00008	1.000039999200032
27	1.00008	1.000039999200032
28	1.00008	1.000039999200032
29	1.00008	1.000039999200032
30	1.0000900000000001	1.0000449989875457
31	1.0000900000000001	1.0000449989875457
32	1.0000900000000001	1.0000449989875457
33	1.0000900000000001	1.0000449989875457
34	1.0001	1.0000499987500624
35	1.0001	1.0000499987500624
36	1.0001	1.0000499987500624
37	1.00011	1.0000549984875833
38	1.00011	1.0000549984875833
39	1.00011	1.0000549984875833
40	1.00011	1.0000549984875833
41	1.0001200000000001	1.0000599982001082
42	1.0001200000000001	1.0000599982001082
43	1.0001200000000001	1.0000599982001082
44	1.0001200000000001	1.0000599982001082
45	1.0001300000000002	1.0000649978876375
46	1.0001300000000002	1.0000649978876375
47	1.0001300000000002	1.0000649978876375
48	1.00014	1.0000699975501715
49	1.00014	1.0000699975501715
50	1.00014	1.0000699975501715
51	1.00014	1.0000699975501715
52	1.00015	1.000074997187711
53	1.00015	1.000074997187711
54	1.00015	1.000074997187711
55	1.00015	1.000074997187711
56	1.0001600000000002	1.000079996800256
57	1.0001600000000002	1.000079996800256
58	1.0001600000000002	1.000079996800256
59	1.0001600000000002	1.000079996800256
60	1.00017	1.0000849963878071
61	1.00017	1.0000849963878071
62	1.00017	1.0000849963878071
63	1.00017	1.0000849963878071
64	1.00018	1.0000899959503644
65	1.00018	1.0000899959503644
66	1.00018	1.0000899959503644
67	1.00018	1.0000899959503644
68	1.00018	1.0000899959503644
69	1.0001900000000001	1.0000949954879288
70	1.0001900000000001	1.0000949954879288
71	1.0001900000000001	1.0000949954879288
72	1.0001900000000001	1.0000949954879288
73	1.0002	1.0000999950004998
74	1.0002	1.0000999950004998
75	1.0002	1.0000999950004998
76	1.0002	1.0000999950004998
77	1.00021	1.0001049944880787
78	1.00021	1.0001049944880787
79	1.00021	1.0001049944880787
80	1.00021	1.0001049944880787
81	1.00021	1.0001049944880787
82	1.00022	1.0001099939506655
83	1.00022	1.0001099939506655
84	1.00022	1.0001099939506655
85	1.00022	1.0001099939506655
86	1.0002300000000002	1.0001149933882605
87	1.0002300000000002	1.0001149933882605
88	1.0002300000000002	1.0001149933882605
89	1.0002300000000002	1.0001149933882605
90	1.0002300000000002	1.0001149933882605
91	1.00024	1.000119992800864
92	1.00024	1.000119992800864
93	1.00024	1.000119992800864
94	1.00024	1.000119992800864
95	1.00025	1.0001249921884765
96	1.00025	1.0001249921884765
97	1.00025	1.0001249921884765
98	1.00025	1.0001249921884765
99	1.00025	1.0001249921884765
100	1.0002600000000001	1.0001299915510984
101	1.0002600000000001	1.0001299915510984
102	1.0002600000000001	1.0001299915510984
103	1.0002600000000001	1.0001299915510984
104	1.0002600000000001	1.0001299915510984
105	1.00027	1.00013499088873
106	1.00027	1.00013499088873
107	1.00027	1.00013499088873
108	1.00027	1.00013499088873
109	1.00027	1.00013499088873
110	1.00028	1.000139990201372
111	1.00028	1.000139990201372
112	1.00028	1.000139990201372
113	1.00028	1.000139990201372
114	1.0002900000000001	1.0001449894890242
115	1.0002900000000001	1.0001449894890242
116	1.0002900000000001	1.0001449894890242
117	1.0002900000000001	1.0001449894890242
118	1.0002900000000001	1.0001449894890242
119	1.0003000000000002	1.0001499887516874
120	1.0003000000000002	1.0001499887516874
121	1.0003000000000002	1.0001499887516874
122	1.0003000000000002	1.0001499887516874
123	1.0003000000000002	1.0001499887516874
124	1.00031	1.0001549879893616
125	1.00031	1.0001549879893616
126	1.00031	1.0001549879893616
127	1.00031	1.0001549879893616
128	1.00031	1.0001549879893616
129	1.00032	1.0001599872020477
130	1.00032	1.0001599872020477
131	1.00032	1.0001599872020477
132	1.00032	1.0001599872020477
133	1.00032	1.0001599872020477
134	1.0003300000000002	1.0001649863897457
135	1.0003300000000002	1.0001649863897457
136	1.0003300000000002	1.0001649863897457
137	1.0003300000000002	1.0001649863897457
138	1.0003300000000002	1.0001649863897457
139	1.00034	1.000169985552456
140	1.00034	1.000169985552456
141	1.00034	1.000169985552456
142	1.00034	1.000169985552456
143	1.00034	1.000169985552456
144	1.00034	1.000169985552456
145	1.00035	1.000174984690179
146	1.00035	1.000174984690179
147	1.00035	1.000174984690179
148	1.00035	1.000174984690179
149	1.00035	1.000174984690179
150	1.0003600000000001	1.0001799838029155
151	1.0003600000000001	1.0001799838029155
152	1.0003600000000001	1.0001799838029155
153	1.0003600000000001	1.0001799838029155
154	1.0003600000000001	1.0001799838029155
155	1.00037	1.000184982890665
156	1.00037	1.000184982890665
157	1.00037	1.000184982890665
158	1.00037	1.000184982890665
159	1.00037	1.000184982890665
160	1.00038	1.0001899819534288
161	1.00038	1.0001899819534288
162	1.00038	1.0001899819534288
163	1.00038	1.0001899819534288
164	1.00038	1.0001899819534288
165	1.0003900000000001	1.0001949809912065
166	1.0003900000000001	1.0001949809912065
167	1.0003900000000001	1.0001949809912065
168	1.0003900000000001	1.0001949809912065
169	1.0003900000000001	1.0001949809912065
170	1.0004000000000002	1.0001999800039991
171	1.0004000000000002	1.0001999800039991
172	1.0004000000000002	1.0001999800039991
173	1.0004000000000002	1.0001999800039991
174	1.0004000000000002	1.0001999800039991
175	1.00041	1.0002049789918064
176	1.00041	1.0002049789918064
177	1.00041	1.0002049789918064
178	1.00041	1.0002049789918064
179	1.00041	1.0002049789918064
180	1.00042	1.0002099779546294
181	1.00042	1.0002099779546294
182	1.00042	1.0002099779546294
183	1.00042	1.0002099779546294
184	1.00042	1.0002099779546294
185	1.0004300000000002	1.000214976892468
186	1.0004300000000002	1.000214976892468
187	1.0004300000000002	1.000214976892468
188	1.0004300000000002	1.000214976892468
189	1.0004300000000002	1.000214976892468
190	1.0004300000000002	1.000214976892468
191	1.00044	1.0002199758053225
192	1.00044	1.0002199758053225
193	1.00044	1.0002199758053225
194	1.00044	1.0002199758053225
195	1.00044	1.0002199758053225
196	1.00045	1.0002249746931937
197	1.00045	1.0002249746931937
198	1.00045	1.0002249746931937
199	1.00045	1.0002249746931937
200	1.00045	1.0002249746931937
201	1.0004600000000001	1.0002299735560818
202	1.0004600000000001	1.0002299735560818
203	1.0004600000000001	1.0002299735560818
204	1.0004600000000001	1.0002299735560818
205	1.0004600000000001	1.0002299735560818
206	1.0004700000000002	1.0002349723939872
207	1.0004700000000002	1.0002349723939872
208	1.0004700000000002	1.0002349723939872
209	1.0004700000000002	1.0002349723939872
210	1.0004700000000002	1.0002349723939872
211	1.0004700000000002	1.0002349723939872
212	1.00048	1.0002399712069099
213	1.00048	1.0002399712069099
214	1.00048	1.0002399712069099
215	1.00048	1.0002399712069099
216	1.00048	1.0002399712069099
217	1.00049	1.0002449699948508
218	1.00049	1.0002449699948508
219	1.00049	1.0002449699948508
220	1.00049	1.0002449699948508
221	1.00049	1.0002449699948508
222	1.0005000000000002	1.0002499687578101
223	1.0005000000000002	1.0002499687578101
224	1.0005000000000002	1.0002499687578101
225	1.0005000000000002	1.0002499687578101
226	1.0005000000000002	1.0002499687578101
227	1.0005000000000002	1.0002499687578101
228	1.00051	1.0002549674957881
229	1.00051	1.0002549674957881
230	1.00051	1.0002549674957881
231	1.00051	1.0002549674957881
232	1.00051	1.0002549674957881
233	1.00052	1.0002599662087852
234	1.00052	1.0002599662087852
235	1.00052	1.0002599662087852
236	1.00052	1.0002599662087852
237	1.00052	1.0002599662087852
238	1.0005300000000001	1.0002649648968018
239	1.0005300000000001	1.0002649648968018
240	1.0005300000000001	1.0002649648968018
241	1.0005300000000001	1.0002649648968018
242	1.0005300000000001	1.0002649648968018
243	1.0005300000000001	1.0002649648968018
244	1.00054	1.0002699635598382
245	1.00054	1.0002699635598382
246	1.00054	1.0002699635598382
247	1.00054	1.0002699635598382
248	1.00054	1.0002699635598382
249	1.00055	1.0002749621978948
250	1.00055	1.0002749621978948
251	1.00055	1.0002749621978948
252	1.00055	1.0002749621978948
253	1.00055	1.0002749621978948
254	1.00055	1.0002749621978948
255	1.0005600000000001	1.0002799608109723
256	1.0005600000000001	1.0002799608109723
257	1.0005600000000001	1.0002799608109723
258	1.0005600000000001	1.0002799608109723
259	1.0005600000000001	1.0002799608109723
260	1.0005700000000002	1.0002849593990706
261	1.0005700000000002	1.0002849593990706
262	1.0005700000000002	1.0002849593990706
263	1.0005700000000002	1.0002849593990706
264	1.0005700000000002	1.0002849593990706
265	1.0005700000000002	1.0002849593990706
266	1.00058	1.00028995796219
267	1.00058	1.00028995796219
268	1.00058	1.00028995796219
269	1.00058	1.00028995796219
270	1.00058	1.00028995796219
271	1.00058	1.00028995796219
272	1.00059	1.0002949565003314
273	1.00059	1.0002949565003314
274	1.00059	1.0002949565003314
275	1.00059	1.0002949565003314
276	1.00059	1.0002949565003314
277	1.0006000000000002	1.000299955013495
278	1.0006000000000002	1.000299955013495
279	1.0006000000000002	1.000299955013495
280	1.0006000000000002	1.000299955013495
281	1.0006000000000002	1.000299955013495
282	1.0006000000000002	1.000299955013495
283	1.00061	1.0003049535016808
284	1.00061	1.0003049535016808
285	1.00061	1.0003049535016808
286	1.00061	1.0003049535016808
287	1.00061	1.0003049535016808
288	1.00061	1.0003049535016808
289	1.00062	1.0003099519648897
290	1.00062	1.0003099519648897
291	1.00062	1.0003099519648897
292	1.00062	1.0003099519648897
293	1.00062	1.0003099519648897
294	1.0006300000000001	1.000314950403122
295	1.0006300000000001	1.000314950403122
296	1.0006300000000001	1.000314950403122
297	1.0006300000000001	1.000314950403122
298	1.0006300000000001	1.000314950403122
299	1.0006300000000001	1.000314950403122
