1	-0.005999	0.0	-0.005	-0.005	-0.005999	0.0	-2.5e-06	-2.5e-06
2	-0.011996999999999999	0.0	-0.01	-0.01	-0.011996999999999999	0.0	-1e-05	-1e-05
3	-0.017991999999999998	0.0	-0.015	-0.015	-0.017991999999999998	0.0	-2.25e-05	-2.25e-05
4	-0.023982999999999997	0.0	-0.02	-0.02	-0.023982999999999997	0.0	-3.9999999999999996e-05	-3.9999999999999996e-05
5	-0.029969	0.0	-0.024999999999999998	-0.024999999999999998	-0.029969	0.0	-6.25e-05	-6.25e-05
6	-0.035948	0.0	-0.03	-0.03	-0.035948	0.0	-8.999999999999999e-05	-8.999999999999999e-05
7	-0.04192	0.0	-0.035002	-0.034999999999999996	-0.04192	0.0	-0.00012250099999999998	-0.0001225
8	-0.047883999999999996	0.0	-0.040004	-0.04	-0.047883999999999996	0.0	-0.00016000399999999997	-0.00015999999999999999
9	-0.053838	0.0	-0.045006	-0.045	-0.053838	0.0	-0.00020250899999999997	-0.0002025
10	-0.059781999999999995	0.0	-0.050008	-0.049999999999999996	-0.059781999999999995	0.0	-0.000250016	-0.00025
11	-0.065715	0.0	-0.055009999999999996	-0.055	-0.065715	0.0	-0.00030252499999999994	-0.00030250000000000003
12	-0.07163599999999999	0.0	-0.060014	-0.06	-0.07163599999999999	0.0	-0.00036003699999999995	-0.0003600000000000001
13	-0.077544	0.0	-0.06501799999999999	-0.065	-0.077544	0.0	-0.00042255299999999994	-0.00042250000000000013
14	-0.083438	0.0	-0.070022	-0.06999999999999999	-0.083438	0.0	-0.0004900729999999999	-0.0004900000000000001
15	-0.089317	0.0	-0.075028	-0.075	-0.089317	0.0	-0.0005625979999999999	-0.0005625000000000002
16	-0.095181	0.0	-0.080034	-0.08	-0.095181	0.0	-0.0006401289999999999	-0.0006400000000000003
17	-0.10102799999999999	0.0	-0.08503999999999999	-0.08499999999999999	-0.10102799999999999	0.0	-0.0007226659999999998	-0.0007225000000000002
18	-0.106859	0.0	-0.09004799999999999	-0.09	-0.106859	0.0	-0.0008102099999999998	-0.0008100000000000001
19	-0.112672	0.0	-0.095056	-0.095	-0.112672	0.0	-0.0009027619999999999	-0.0009025
20	-0.11846699999999999	0.0	-0.100066	-0.09999999999999999	-0.11846699999999999	0.0	-0.0010003229999999998	-0.001
21	-0.124244	0.0	-0.10507599999999999	-0.105	-0.124244	0.0	-0.0011028939999999999	-0.0011025000000000002
22	-0.130002	0.0	-0.11008799999999999	-0.11	-0.130002	0.0	-0.001210476	-0.0012100000000000001
23	-0.135741	0.0	-0.1151	-0.11499999999999999	-0.135741	0.0	-0.0013230700000000002	-0.0013225000000000003
24	-0.14146	0.0	-0.120114	-0.12	-0.14146	0.0	-0.0014406770000000002	-0.0014400000000000003
25	-0.14715899999999998	0.0	-0.125129	-0.125	-0.14715899999999998	0.0	-0.001563298	-0.0015625000000000005
26	-0.152837	0.0	-0.13014499999999998	-0.13	-0.152837	0.0	-0.001690935	-0.0016900000000000005
27	-0.158494	0.0	-0.135163	-0.13499999999999998	-0.158494	0.0	-0.0018235889999999998	-0.0018225000000000003
28	-0.16413	0.0	-0.140182	-0.13999999999999999	-0.16413	0.0	-0.0019612609999999997	-0.0019600000000000004
29	-0.16974499999999998	0.0	-0.145202	-0.145	-0.16974499999999998	0.0	-0.0021039529999999996	-0.0021025000000000006
30	-0.175339	0.0	-0.150224	-0.15	-0.175339	0.0	-0.0022516659999999994	-0.0022500000000000007
31	-0.180911	0.0	-0.155248	-0.155	-0.180911	0.0	-0.002404401999999999	-0.0024025000000000006
32	-0.186461	0.0	-0.160273	-0.16	-0.186461	0.0	-0.002562161999999999	-0.00256
33	-0.191989	0.0	-0.165299	-0.16499999999999998	-0.191989	0.0	-0.0027249479999999987	-0.0027225000000000005
34	-0.197495	0.0	-0.17032699999999998	-0.16999999999999998	-0.197495	0.0	-0.002892760999999999	-0.0028900000000000006
35	-0.202979	0.0	-0.17535699999999999	-0.175	-0.202979	0.0	-0.003065602999999999	-0.0030625000000000006
36	-0.208441	0.0	-0.180389	-0.18	-0.208441	0.0	-0.0032434759999999995	-0.0032400000000000003
37	-0.21388	0.0	-0.185423	-0.185	-0.21388	0.0	-0.0034263819999999995	-0.0034225000000000006
38	-0.219297	0.0	-0.190459	-0.19	-0.219297	0.0	-0.003614322999999999	-0.003610000000000001
39	-0.224692	0.0	-0.195496	-0.19499999999999998	-0.224692	0.0	-0.0038072999999999996	-0.0038025000000000008
40	-0.230064	0.0	-0.200535	-0.19999999999999998	-0.230064	0.0	-0.004005314999999999	-0.004000000000000001
41	-0.23541399999999998	0.0	-0.20557599999999998	-0.205	-0.23541399999999998	0.0	-0.0042083699999999995	-0.0042025000000000005
42	-0.24074099999999998	0.0	-0.210619	-0.21	-0.24074099999999998	0.0	-0.004416467	-0.00441
43	-0.24604499999999999	0.0	-0.215665	-0.215	-0.24604499999999999	0.0	-0.004629609	-0.004622499999999999
44	-0.25132699999999997	0.0	-0.220713	-0.22	-0.25132699999999997	0.0	-0.004847798	-0.00484
45	-0.256586	0.0	-0.225763	-0.22499999999999998	-0.256586	0.0	-0.005071036000000001	-0.0050625
46	-0.261823	0.0	-0.230815	-0.22999999999999998	-0.261823	0.0	-0.0052993250000000006	-0.00529
47	-0.26703699999999997	0.0	-0.235869	-0.235	-0.26703699999999997	0.0	-0.005532667	-0.0055225000000000005
48	-0.272229	0.0	-0.240925	-0.24	-0.272229	0.0	-0.005771063999999999	-0.00576
49	-0.277398	0.0	-0.24598399999999998	-0.245	-0.277398	0.0	-0.006014518	-0.0060025
50	-0.28254399999999996	0.0	-0.251046	-0.25	-0.28254399999999996	0.0	-0.0062630329999999994	-0.0062499999999999995
51	-0.287668	0.0	-0.25611	-0.255	-0.287668	0.0	-0.006516611	-0.006502499999999999
52	-0.292769	0.0	-0.26117599999999996	-0.26	-0.292769	0.0	-0.006775254	-0.0067599999999999995
53	-0.297848	0.0	-0.266245	-0.265	-0.297848	0.0	-0.007038964	-0.0070225
54	-0.302904	0.0	-0.271317	-0.26999999999999996	-0.302904	0.0	-0.007307744999999999	-0.0072900000000000005
55	-0.307938	0.0	-0.276391	-0.27499999999999997	-0.307938	0.0	-0.007581599	-0.007562500000000001
56	-0.31295	0.0	-0.28146899999999997	-0.27999999999999997	-0.31295	0.0	-0.007860529	-0.00784
57	-0.31793899999999997	0.0	-0.286549	-0.285	-0.31793899999999997	0.0	-0.008144538	-0.008122500000000001
58	-0.32290599999999997	0.0	-0.291632	-0.29	-0.32290599999999997	0.0	-0.008433627999999999	-0.00841
59	-0.327851	0.0	-0.296718	-0.295	-0.327851	0.0	-0.008727803	-0.008702500000000002
60	-0.33277399999999996	0.0	-0.301807	-0.3	-0.33277399999999996	0.0	-0.009027065	-0.009000000000000001
61	-0.337675	0.0	-0.306899	-0.305	-0.337675	0.0	-0.009331418000000001	-0.009302500000000002
62	-0.34255399999999997	0.0	-0.311994	-0.31	-0.34255399999999997	0.0	-0.009640864000000002	-0.00961
63	-0.34741099999999997	0.0	-0.317092	-0.315	-0.34741099999999997	0.0	-0.009955407000000003	-0.0099225
64	-0.352246	0.0	-0.322194	-0.32	-0.352246	0.0	-0.010275050000000004	-0.010239999999999999
65	-0.35706	0.0	-0.327299	-0.325	-0.35706	0.0	-0.010599796000000005	-0.010562499999999999
66	-0.361852	0.0	-0.332407	-0.32999999999999996	-0.361852	0.0	-0.010929649000000007	-0.01089
67	-0.366623	0.0	-0.337518	-0.33499999999999996	-0.366623	0.0	-0.011264611000000008	-0.0112225
68	-0.371373	0.0	-0.34263299999999997	-0.33999999999999997	-0.371373	0.0	-0.011604686000000006	-0.01156
69	-0.376102	0.0	-0.347751	-0.345	-0.376102	0.0	-0.011949878000000008	-0.0119025
70	-0.38081	0.0	-0.352873	-0.35	-0.38081	0.0	-0.012300190000000006	-0.01225
71	-0.385497	0.0	-0.357998	-0.355	-0.385497	0.0	-0.012655625000000007	-0.012602499999999999
72	-0.39016399999999996	0.0	-0.363127	-0.36	-0.39016399999999996	0.0	-0.013016187000000005	-0.01296
73	-0.39481099999999997	0.0	-0.36826	-0.365	-0.39481099999999997	0.0	-0.013381880000000006	-0.013322500000000001
74	-0.39943799999999996	0.0	-0.373396	-0.37	-0.39943799999999996	0.0	-0.013752708000000006	-0.01369
75	-0.404045	0.0	-0.378536	-0.375	-0.404045	0.0	-0.014128674000000004	-0.014062500000000002
76	-0.408632	0.0	-0.38367999999999997	-0.38	-0.408632	0.0	-0.014509782000000006	-0.014440000000000001
77	-0.41319999999999996	0.0	-0.388828	-0.385	-0.41319999999999996	0.0	-0.014896036000000005	-0.014822500000000002
78	-0.417749	0.0	-0.39398	-0.38999999999999996	-0.417749	0.0	-0.015287440000000006	-0.015210000000000001
79	-0.42227899999999996	0.0	-0.399136	-0.39499999999999996	-0.42227899999999996	0.0	-0.015683998000000005	-0.015602500000000002
80	-0.42679	0.0	-0.404296	-0.39999999999999997	-0.42679	0.0	-0.016085714000000008	-0.016000000000000004
81	-0.43128299999999997	0.0	-0.40946	-0.40499999999999997	-0.43128299999999997	0.0	-0.016492592000000007	-0.016402500000000004
82	-0.435758	0.0	-0.414628	-0.41	-0.435758	0.0	-0.016904636000000008	-0.016810000000000002
83	-0.44021499999999997	0.0	-0.4198	-0.415	-0.44021499999999997	0.0	-0.017321850000000007	-0.017222500000000005
84	-0.444654	0.0	-0.42497599999999996	-0.42	-0.444654	0.0	-0.01774423800000001	-0.017640000000000006
85	-0.449076	0.0	-0.43015699999999996	-0.425	-0.449076	0.0	-0.018171804000000007	-0.018062500000000006
86	-0.45348099999999997	0.0	-0.435342	-0.43	-0.45348099999999997	0.0	-0.01860455300000001	-0.018490000000000003
87	-0.45786899999999997	0.0	-0.440531	-0.435	-0.45786899999999997	0.0	-0.01904248900000001	-0.018922500000000005
88	-0.46224099999999996	0.0	-0.445725	-0.44	-0.46224099999999996	0.0	-0.01948561700000001	-0.019360000000000006
89	-0.466597	0.0	-0.45092299999999996	-0.445	-0.466597	0.0	-0.01993394100000001	-0.019802500000000004
90	-0.470937	0.0	-0.456126	-0.44999999999999996	-0.470937	0.0	-0.020387465000000007	-0.020250000000000004
91	-0.47526199999999996	0.0	-0.461333	-0.45499999999999996	-0.47526199999999996	0.0	-0.020846194000000005	-0.020702500000000006
92	-0.479572	0.0	-0.466545	-0.45999999999999996	-0.479572	0.0	-0.021310133000000002	-0.021160000000000005
93	-0.483867	0.0	-0.47176199999999996	-0.46499999999999997	-0.483867	0.0	-0.021779286000000002	-0.021622500000000003
94	-0.48814799999999997	0.0	-0.47698399999999996	-0.47	-0.48814799999999997	0.0	-0.022253659000000002	-0.022090000000000005
95	-0.492415	0.0	-0.482211	-0.475	-0.492415	0.0	-0.022733256	-0.022562500000000006
96	-0.496668	0.0	-0.487442	-0.48	-0.496668	0.0	-0.023218082	-0.023040000000000005
97	-0.500908	0.0	-0.492679	-0.485	-0.500908	0.0	-0.023708142	-0.023522500000000002
98	-0.505135	0.0	-0.49792	-0.49	-0.505135	0.0	-0.024203441	-0.024010000000000004
99	-0.5093489999999999	0.0	-0.503167	-0.495	-0.5093489999999999	0.0	-0.024703984	-0.024502500000000003
100	-0.513551	0.0	-0.5084179999999999	-0.5	-0.513551	0.0	-0.025209775999999996	-0.025
101	-0.517741	0.0	-0.513675	-0.505	-0.517741	0.0	-0.025720821999999997	-0.025502500000000004
102	-0.521919	0.0	-0.518937	-0.51	-0.521919	0.0	-0.026237128	-0.026010000000000005
103	-0.5260859999999999	0.0	-0.524204	-0.515	-0.5260859999999999	0.0	-0.026758697999999997	-0.026522500000000004
104	-0.530242	0.0	-0.529477	-0.52	-0.530242	0.0	-0.027285537999999998	-0.02704
105	-0.534387	0.0	-0.534755	-0.525	-0.534387	0.0	-0.027817653999999997	-0.027562500000000004
106	-0.538522	0.0	-0.540038	-0.53	-0.538522	0.0	-0.02835505	-0.028090000000000004
107	-0.542647	0.0	-0.545327	-0.535	-0.542647	0.0	-0.028897732000000002	-0.028622500000000002
108	-0.546762	0.0	-0.550622	-0.5399999999999999	-0.546762	0.0	-0.029445706000000002	-0.029160000000000005
109	-0.550868	0.0	-0.555922	-0.5449999999999999	-0.550868	0.0	-0.029998978000000003	-0.029702500000000007
110	-0.5549649999999999	0.0	-0.561228	-0.5499999999999999	-0.5549649999999999	0.0	-0.030557553	-0.030250000000000006
111	-0.559053	0.0	-0.566539	-0.5549999999999999	-0.559053	0.0	-0.031121436000000002	-0.030802500000000003
112	-0.563133	0.0	-0.5718559999999999	-0.5599999999999999	-0.563133	0.0	-0.031690632999999996	-0.031360000000000006
113	-0.5672039999999999	0.0	-0.577179	-0.565	-0.5672039999999999	0.0	-0.03226514999999999	-0.0319225
114	-0.571268	0.0	-0.582508	-0.57	-0.571268	0.0	-0.03284499299999999	-0.03249
115	-0.575324	0.0	-0.587843	-0.575	-0.575324	0.0	-0.03343016799999998	-0.0330625
116	-0.579373	0.0	-0.5931839999999999	-0.58	-0.579373	0.0	-0.03402068099999998	-0.033639999999999996
117	-0.583415	0.0	-0.5985309999999999	-0.585	-0.583415	0.0	-0.03461653799999999	-0.034222499999999996
118	-0.58745	0.0	-0.603884	-0.59	-0.58745	0.0	-0.035217744999999995	-0.03481
119	-0.591479	0.0	-0.609243	-0.595	-0.591479	0.0	-0.035824308	-0.035402499999999996
120	-0.595502	0.0	-0.6146079999999999	-0.6	-0.595502	0.0	-0.036436233	-0.036
121	-0.599519	0.0	-0.61998	-0.605	-0.599519	0.0	-0.037053527	-0.0366025
122	-0.60353	0.0	-0.625359	-0.61	-0.60353	0.0	-0.03767619600000001	-0.03721
123	-0.607536	0.0	-0.630744	-0.615	-0.607536	0.0	-0.038304247000000013	-0.0378225
124	-0.611537	0.0	-0.636135	-0.62	-0.611537	0.0	-0.03893768600000001	-0.03844
125	-0.615533	0.0	-0.641532	-0.625	-0.615533	0.0	-0.03957651900000002	-0.0390625
126	-0.619525	0.0	-0.646937	-0.63	-0.619525	0.0	-0.04022075300000001	-0.03969
127	-0.623512	0.0	-0.6523479999999999	-0.635	-0.623512	0.0	-0.04087039500000002	-0.0403225
128	-0.627495	0.0	-0.6577649999999999	-0.64	-0.627495	0.0	-0.04152545100000002	-0.040959999999999996
129	-0.631474	0.0	-0.66319	-0.645	-0.631474	0.0	-0.042185928000000025	-0.0416025
130	-0.6354489999999999	0.0	-0.668621	-0.65	-0.6354489999999999	0.0	-0.04285183300000002	-0.042249999999999996
131	-0.639421	0.0	-0.674059	-0.6549999999999999	-0.639421	0.0	-0.043523173000000026	-0.042902499999999996
132	-0.643389	0.0	-0.679504	-0.6599999999999999	-0.643389	0.0	-0.04419995400000003	-0.04356
133	-0.647354	0.0	-0.684956	-0.6649999999999999	-0.647354	0.0	-0.04488218400000003	-0.0442225
134	-0.651316	0.0	-0.690415	-0.6699999999999999	-0.651316	0.0	-0.04556986900000003	-0.04489
135	-0.6552749999999999	0.0	-0.695882	-0.6749999999999999	-0.6552749999999999	0.0	-0.04626301700000003	-0.045562500000000006
136	-0.6592319999999999	0.0	-0.701355	-0.6799999999999999	-0.6592319999999999	0.0	-0.04696163500000003	-0.04624
137	-0.6631859999999999	0.0	-0.706836	-0.6849999999999999	-0.6631859999999999	0.0	-0.04766573000000003	-0.046922500000000006
138	-0.667138	0.0	-0.7123229999999999	-0.69	-0.667138	0.0	-0.04837530900000003	-0.04761
139	-0.671087	0.0	-0.717818	-0.695	-0.671087	0.0	-0.04909037900000003	-0.0483025
140	-0.675034	0.0	-0.723321	-0.7	-0.675034	0.0	-0.049810948000000035	-0.049
141	-0.678979	0.0	-0.7288319999999999	-0.705	-0.678979	0.0	-0.05053702400000004	-0.0497025
142	-0.6829219999999999	0.0	-0.7343489999999999	-0.71	-0.6829219999999999	0.0	-0.051268614000000046	-0.050409999999999996
143	-0.6868639999999999	0.0	-0.7398739999999999	-0.715	-0.6868639999999999	0.0	-0.052005725000000044	-0.0511225
144	-0.690804	0.0	-0.7454069999999999	-0.72	-0.690804	0.0	-0.05274836500000005	-0.05184
145	-0.694743	0.0	-0.750948	-0.725	-0.694743	0.0	-0.05349654200000005	-0.0525625
146	-0.69868	0.0	-0.756497	-0.73	-0.69868	0.0	-0.05425026400000005	-0.053290000000000004
147	-0.702615	0.0	-0.762054	-0.735	-0.702615	0.0	-0.05500953900000005	-0.0540225
148	-0.706549	0.0	-0.7676189999999999	-0.74	-0.706549	0.0	-0.05577437500000006	-0.05476
149	-0.7104809999999999	0.0	-0.773191	-0.745	-0.7104809999999999	0.0	-0.05654477900000006	-0.055502499999999996
150	-0.714411	0.0	-0.778772	-0.75	-0.714411	0.0	-0.057320760000000054	-0.056249999999999994
151	-0.71834	0.0	-0.784361	-0.755	-0.71834	0.0	-0.05810232600000005	-0.0570025
152	-0.722267	0.0	-0.7899579999999999	-0.76	-0.722267	0.0	-0.05888948500000005	-0.05775999999999999
153	-0.726192	0.0	-0.7955629999999999	-0.765	-0.726192	0.0	-0.05968224500000005	-0.05852249999999999
154	-0.730115	0.0	-0.801176	-0.77	-0.730115	0.0	-0.060480614000000044	-0.059289999999999995
155	-0.734036	0.0	-0.806797	-0.7749999999999999	-0.734036	0.0	-0.06128460000000005	-0.06006249999999999
156	-0.737956	0.0	-0.812426	-0.7799999999999999	-0.737956	0.0	-0.06209421100000005	-0.06083999999999999
157	-0.7418739999999999	0.0	-0.818064	-0.7849999999999999	-0.7418739999999999	0.0	-0.06290945500000004	-0.0616225
158	-0.74579	0.0	-0.823711	-0.7899999999999999	-0.74579	0.0	-0.06373034200000004	-0.06240999999999999
159	-0.7497039999999999	0.0	-0.8293659999999999	-0.7949999999999999	-0.7497039999999999	0.0	-0.06455688000000002	-0.0632025
160	-0.753616	0.0	-0.8350289999999999	-0.7999999999999999	-0.753616	0.0	-0.06538907700000003	-0.064
161	-0.7575259999999999	0.0	-0.840702	-0.8049999999999999	-0.7575259999999999	0.0	-0.06622694200000002	-0.06480250000000001
162	-0.7614339999999999	0.0	-0.846383	-0.8099999999999999	-0.7614339999999999	0.0	-0.06707048400000003	-0.06561
163	-0.76534	0.0	-0.852073	-0.815	-0.76534	0.0	-0.06791971100000004	-0.0664225
164	-0.7692439999999999	0.0	-0.857772	-0.82	-0.7692439999999999	0.0	-0.06877463300000004	-0.06724
165	-0.773146	0.0	-0.8634799999999999	-0.825	-0.773146	0.0	-0.06963525800000005	-0.0680625
166	-0.777046	0.0	-0.869197	-0.83	-0.777046	0.0	-0.07050159600000004	-0.06889
167	-0.780944	0.0	-0.874923	-0.835	-0.780944	0.0	-0.07137365500000005	-0.06972250000000002
168	-0.78484	0.0	-0.8806579999999999	-0.84	-0.78484	0.0	-0.07225144500000004	-0.07056000000000001
169	-0.7887339999999999	0.0	-0.8864029999999999	-0.845	-0.7887339999999999	0.0	-0.07313497500000003	-0.07140250000000001
170	-0.7926249999999999	0.0	-0.892156	-0.85	-0.7926249999999999	0.0	-0.07402425400000003	-0.07225000000000001
171	-0.7965139999999999	0.0	-0.8979189999999999	-0.855	-0.7965139999999999	0.0	-0.07491929100000001	-0.07310250000000001
172	-0.8004009999999999	0.0	-0.9036919999999999	-0.86	-0.8004009999999999	0.0	-0.07582009600000002	-0.07396000000000003
173	-0.804286	0.0	-0.909474	-0.865	-0.804286	0.0	-0.076726678	-0.07482250000000001
174	-0.8081689999999999	0.0	-0.915265	-0.87	-0.8081689999999999	0.0	-0.077639047	-0.07569000000000001
175	-0.8120489999999999	0.0	-0.9210659999999999	-0.875	-0.8120489999999999	0.0	-0.078557212	-0.0765625
176	-0.815927	0.0	-0.926877	-0.88	-0.815927	0.0	-0.079481183	-0.07744000000000001
177	-0.819803	0.0	-0.9326979999999999	-0.885	-0.819803	0.0	-0.08041096999999998	-0.07832250000000002
178	-0.823676	0.0	-0.938529	-0.89	-0.823676	0.0	-0.08134658299999999	-0.07921000000000003
179	-0.8275469999999999	0.0	-0.9443689999999999	-0.8949999999999999	-0.8275469999999999	0.0	-0.082288031	-0.08010250000000002
180	-0.831415	0.0	-0.9502189999999999	-0.8999999999999999	-0.831415	0.0	-0.08323532399999999	-0.08100000000000002
181	-0.8352809999999999	0.0	-0.956079	-0.9049999999999999	-0.8352809999999999	0.0	-0.08418847199999997	-0.08190250000000002
182	-0.839144	0.0	-0.9619489999999999	-0.9099999999999999	-0.839144	0.0	-0.08514748499999998	-0.08281000000000002
183	-0.843005	0.0	-0.96783	-0.9149999999999999	-0.843005	0.0	-0.08611237399999998	-0.08372250000000003
184	-0.846864	0.0	-0.973721	-0.9199999999999999	-0.846864	0.0	-0.08708314899999998	-0.08464000000000002
185	-0.8507199999999999	0.0	-0.979622	-0.9249999999999999	-0.8507199999999999	0.0	-0.08805982	-0.08556250000000001
186	-0.8545729999999999	0.0	-0.985533	-0.9299999999999999	-0.8545729999999999	0.0	-0.08904239700000001	-0.08649000000000001
187	-0.858424	0.0	-0.991455	-0.9349999999999999	-0.858424	0.0	-0.09003089000000002	-0.08742250000000001
188	-0.8622719999999999	0.0	-0.9973869999999999	-0.94	-0.8622719999999999	0.0	-0.09102531000000001	-0.08836000000000002
189	-0.8661179999999999	0.0	-1.00333	-0.945	-0.8661179999999999	0.0	-0.09202566800000002	-0.08930250000000003
190	-0.869961	0.0	-1.009283	-0.95	-0.869961	0.0	-0.09303197400000003	-0.09025000000000002
191	-0.8738009999999999	0.0	-1.015247	-0.955	-0.8738009999999999	0.0	-0.09404423800000004	-0.09120250000000002
192	-0.877639	0.0	-1.0212219999999999	-0.96	-0.877639	0.0	-0.09506247200000005	-0.09216000000000002
193	-0.881474	0.0	-1.027208	-0.965	-0.881474	0.0	-0.09608668600000005	-0.09312250000000002
194	-0.8853059999999999	0.0	-1.033205	-0.97	-0.8853059999999999	0.0	-0.09711689200000005	-0.09409000000000003
195	-0.8891359999999999	0.0	-1.039213	-0.975	-0.8891359999999999	0.0	-0.09815310000000006	-0.09506250000000002
196	-0.892963	0.0	-1.045232	-0.98	-0.892963	0.0	-0.09919532200000007	-0.09604000000000001
197	-0.896787	0.0	-1.051262	-0.985	-0.896787	0.0	-0.10024356800000007	-0.09702250000000001
198	-0.900608	0.0	-1.0573029999999999	-0.99	-0.900608	0.0	-0.10129785000000006	-0.09801000000000001
199	-0.904426	0.0	-1.063355	-0.995	-0.904426	0.0	-0.10235817800000006	-0.09900250000000002
200	-0.908241	0.0	-1.069419	-1.0	-0.908241	0.0	-0.10342456400000007	-0.10000000000000003
201	-0.912053	0.0	-1.075494	-1.005	-0.912053	0.0	-0.10449702000000007	-0.10100250000000002
202	-0.915863	0.0	-1.081581	-1.01	-0.915863	0.0	-0.10557555700000006	-0.10201000000000002
203	-0.91967	0.0	-1.0876789999999998	-1.015	-0.91967	0.0	-0.10666018600000006	-0.10302250000000002
204	-0.9234739999999999	0.0	-1.093789	-1.02	-0.9234739999999999	0.0	-0.10775091900000007	-0.10404000000000002
205	-0.927275	0.0	-1.0999109999999999	-1.025	-0.927275	0.0	-0.10884776800000008	-0.10506250000000003
206	-0.9310729999999999	0.0	-1.106044	-1.03	-0.9310729999999999	0.0	-0.10995074500000009	-0.10609000000000002
207	-0.934867	0.0	-1.1121889999999999	-1.035	-0.934867	0.0	-0.11105986100000008	-0.10712250000000001
208	-0.938658	0.0	-1.1183459999999998	-1.04	-0.938658	0.0	-0.11217512800000008	-0.10816
209	-0.942446	0.0	-1.124515	-1.045	-0.942446	0.0	-0.11329655800000009	-0.10920250000000001
210	-0.9462309999999999	0.0	-1.130696	-1.05	-0.9462309999999999	0.0	-0.11442416300000009	-0.11025000000000001
211	-0.950013	0.0	-1.136889	-1.055	-0.950013	0.0	-0.11555795500000009	-0.11130250000000003
212	-0.953792	0.0	-1.143095	-1.06	-0.953792	0.0	-0.1166979460000001	-0.11236000000000002
213	-0.957568	0.0	-1.149313	-1.065	-0.957568	0.0	-0.1178441490000001	-0.11342250000000001
214	-0.96134	0.0	-1.155543	-1.07	-0.96134	0.0	-0.11899657600000012	-0.11449000000000001
215	-0.965109	0.0	-1.1617849999999998	-1.075	-0.965109	0.0	-0.12015523900000012	-0.11556250000000001
216	-0.9688749999999999	0.0	-1.16804	-1.0799999999999998	-0.9688749999999999	0.0	-0.12132015100000011	-0.11664000000000002
217	-0.972638	0.0	-1.174308	-1.085	-0.972638	0.0	-0.12249132400000011	-0.11772250000000001
218	-0.976397	0.0	-1.180588	-1.0899999999999999	-0.976397	0.0	-0.12366877100000011	-0.11881
219	-0.9801529999999999	0.0	-1.1868809999999999	-1.095	-0.9801529999999999	0.0	-0.1248525050000001	-0.1199025
220	-0.9839049999999999	0.0	-1.193187	-1.0999999999999999	-0.9839049999999999	0.0	-0.1260425380000001	-0.121
221	-0.9876539999999999	0.0	-1.199506	-1.105	-0.9876539999999999	0.0	-0.1272388840000001	-0.1221025
222	-0.9914	0.0	-1.205838	-1.1099999999999999	-0.9914	0.0	-0.1284415550000001	-0.12321000000000001
223	-0.995142	0.0	-1.212183	-1.115	-0.995142	0.0	-0.1296505650000001	-0.1243225
224	-0.9988809999999999	0.0	-1.2185409999999999	-1.1199999999999999	-0.9988809999999999	0.0	-0.13086592600000013	-0.12544
225	-1.002616	0.0	-1.224913	-1.125	-1.002616	0.0	-0.1320876520000001	-0.12656250000000002
226	-1.006348	0.0	-1.2312969999999999	-1.13	-1.006348	0.0	-0.13331575600000012	-0.12769000000000003
227	-1.010076	0.0	-1.237695	-1.135	-1.010076	0.0	-0.13455025100000012	-0.1288225
228	-1.0138	0.0	-1.2441069999999999	-1.14	-1.0138	0.0	-0.1357911510000001	-0.12996000000000002
229	-1.017521	0.0	-1.250532	-1.145	-1.017521	0.0	-0.13703847000000013	-0.1311025
230	-1.0212379999999999	0.0	-1.25697	-1.15	-1.0212379999999999	0.0	-0.13829222000000013	-0.13225000000000003
231	-1.024951	0.0	-1.263422	-1.155	-1.024951	0.0	-0.13955241500000015	-0.13340250000000003
232	-1.028661	0.0	-1.269888	-1.16	-1.028661	0.0	-0.14081906900000013	-0.13456
233	-1.032367	0.0	-1.276368	-1.165	-1.032367	0.0	-0.14209219600000011	-0.13572250000000002
234	-1.036069	0.0	-1.282862	-1.17	-1.036069	0.0	-0.1433718100000001	-0.13689
235	-1.0397669999999999	0.0	-1.28937	-1.175	-1.0397669999999999	0.0	-0.14465792500000008	-0.13806250000000003
236	-1.043462	0.0	-1.295892	-1.18	-1.043462	0.0	-0.1459505550000001	-0.13924000000000003
237	-1.047153	0.0	-1.302428	-1.185	-1.047153	0.0	-0.1472497140000001	-0.1404225
238	-1.05084	0.0	-1.308978	-1.19	-1.05084	0.0	-0.1485554160000001	-0.14161
239	-1.0545229999999999	0.0	-1.315542	-1.1949999999999998	-1.0545229999999999	0.0	-0.1498676750000001	-0.1428025
240	-1.0582019999999999	0.0	-1.322122	-1.2	-1.0582019999999999	0.0	-0.1511865060000001	-0.14400000000000002
241	-1.061877	0.0	-1.328716	-1.2049999999999998	-1.061877	0.0	-0.15251192400000013	-0.1452025
242	-1.065548	0.0	-1.335324	-1.21	-1.065548	0.0	-0.15384394300000015	-0.14640999999999998
243	-1.069215	0.0	-1.341948	-1.2149999999999999	-1.069215	0.0	-0.15518257800000013	-0.1476225
244	-1.072878	0.0	-1.3485859999999998	-1.22	-1.072878	0.0	-0.15652784400000014	-0.14883999999999997
245	-1.0765369999999999	0.0	-1.355238	-1.2249999999999999	-1.0765369999999999	0.0	-0.15787975500000012	-0.1500625
246	-1.080192	0.0	-1.3619059999999998	-1.23	-1.080192	0.0	-0.1592383260000001	-0.15128999999999998
247	-1.083843	0.0	-1.368588	-1.2349999999999999	-1.083843	0.0	-0.16060357200000008	-0.1525225
248	-1.0874899999999998	0.0	-1.375286	-1.24	-1.0874899999999998	0.0	-0.1619755080000001	-0.15376
249	-1.091133	0.0	-1.381999	-1.2449999999999999	-1.091133	0.0	-0.16335414900000012	-0.1550025
250	-1.094771	0.0	-1.388727	-1.25	-1.094771	0.0	-0.16473951100000012	-0.15625
251	-1.0984049999999999	0.0	-1.395471	-1.255	-1.0984049999999999	0.0	-0.16613160900000012	-0.1575025
252	-1.1020349999999999	0.0	-1.4022299999999999	-1.26	-1.1020349999999999	0.0	-0.1675304580000001	-0.15876
253	-1.105661	0.0	-1.409004	-1.265	-1.105661	0.0	-0.1689360740000001	-0.1600225
254	-1.1092819999999999	0.0	-1.415794	-1.27	-1.1092819999999999	0.0	-0.17034847200000008	-0.16129
255	-1.1128989999999999	0.0	-1.4225999999999999	-1.275	-1.1128989999999999	0.0	-0.1717676680000001	-0.1625625
256	-1.116512	0.0	-1.429422	-1.28	-1.116512	0.0	-0.17319367800000007	-0.16383999999999999
257	-1.12012	0.0	-1.4362599999999999	-1.285	-1.12012	0.0	-0.17462651800000006	-0.1651225
258	-1.123724	0.0	-1.443114	-1.29	-1.123724	0.0	-0.17606620400000006	-0.16641
259	-1.1273229999999999	0.0	-1.449984	-1.295	-1.1273229999999999	0.0	-0.17751275200000005	-0.16770249999999998
260	-1.1309179999999999	0.0	-1.4568699999999999	-1.3	-1.1309179999999999	0.0	-0.17896617800000003	-0.16899999999999998
261	-1.1345079999999998	0.0	-1.4637719999999999	-1.305	-1.1345079999999998	0.0	-0.18042649800000005	-0.17030249999999997
262	-1.138094	0.0	-1.4706899999999998	-1.3099999999999998	-1.138094	0.0	-0.18189372800000003	-0.17160999999999998
263	-1.141675	0.0	-1.477625	-1.315	-1.141675	0.0	-0.18336788400000004	-0.17292249999999998
264	-1.145252	0.0	-1.484577	-1.3199999999999998	-1.145252	0.0	-0.18484898400000005	-0.17424
265	-1.1488239999999998	0.0	-1.491545	-1.325	-1.1488239999999998	0.0	-0.18633704400000006	-0.1755625
266	-1.152391	0.0	-1.498529	-1.3299999999999998	-1.152391	0.0	-0.18783208000000007	-0.17689
267	-1.155953	0.0	-1.505531	-1.335	-1.155953	0.0	-0.18933410900000008	-0.1782225
268	-1.159511	0.0	-1.512549	-1.3399999999999999	-1.159511	0.0	-0.19084314800000007	-0.17956
269	-1.1630639999999999	0.0	-1.5195839999999998	-1.345	-1.1630639999999999	0.0	-0.19235921300000008	-0.18090250000000002
270	-1.166612	0.0	-1.5266359999999999	-1.3499999999999999	-1.166612	0.0	-0.1938823220000001	-0.18225000000000002
271	-1.170155	0.0	-1.533706	-1.355	-1.170155	0.0	-0.1954124920000001	-0.1836025
272	-1.173694	0.0	-1.5407929999999999	-1.3599999999999999	-1.173694	0.0	-0.1969497400000001	-0.18496
273	-1.177228	0.0	-1.5478969999999999	-1.365	-1.177228	0.0	-0.19849408400000007	-0.1863225
274	-1.180757	0.0	-1.555019	-1.3699999999999999	-1.180757	0.0	-0.20004554100000005	-0.18769000000000002
275	-1.184281	0.0	-1.562158	-1.375	-1.184281	0.0	-0.20160412800000005	-0.18906250000000002
276	-1.1878	0.0	-1.569315	-1.38	-1.1878	0.0	-0.20316986300000006	-0.19044
277	-1.191314	0.0	-1.57649	-1.385	-1.191314	0.0	-0.20474276400000008	-0.1918225
278	-1.194823	0.0	-1.583682	-1.39	-1.194823	0.0	-0.20632284900000009	-0.19321
279	-1.198327	0.0	-1.590892	-1.395	-1.198327	0.0	-0.2079101350000001	-0.1946025
280	-1.2018259999999998	0.0	-1.59812	-1.4	-1.2018259999999998	0.0	-0.20950464000000013	-0.196
281	-1.20532	0.0	-1.6053659999999998	-1.405	-1.20532	0.0	-0.21110638200000015	-0.19740249999999998
282	-1.2088079999999999	0.0	-1.612631	-1.41	-1.2088079999999999	0.0	-0.21271537900000015	-0.19881
283	-1.212291	0.0	-1.6199139999999999	-1.415	-1.212291	0.0	-0.21433165000000015	-0.20022249999999997
284	-1.2157689999999999	0.0	-1.6272149999999999	-1.42	-1.2157689999999999	0.0	-0.21595521300000015	-0.20163999999999999
285	-1.219242	0.0	-1.6345349999999998	-1.425	-1.219242	0.0	-0.21758608700000015	-0.20306249999999998
286	-1.222709	0.0	-1.6418739999999998	-1.43	-1.222709	0.0	-0.21922429000000015	-0.20449
287	-1.226171	0.0	-1.649231	-1.4349999999999998	-1.226171	0.0	-0.22086984100000018	-0.2059225
288	-1.229628	0.0	-1.656607	-1.44	-1.229628	0.0	-0.22252275900000018	-0.20736
289	-1.233079	0.0	-1.664002	-1.4449999999999998	-1.233079	0.0	-0.22418306200000016	-0.2088025
290	-1.2365249999999999	0.0	-1.671416	-1.45	-1.2365249999999999	0.0	-0.22585077000000015	-0.21025
291	-1.239966	0.0	-1.6788489999999998	-1.4549999999999998	-1.239966	0.0	-0.22752590100000014	-0.21170250000000002
292	-1.243401	0.0	-1.686302	-1.46	-1.243401	0.0	-0.22920847500000013	-0.21316000000000002
293	-1.246831	0.0	-1.693773	-1.4649999999999999	-1.246831	0.0	-0.23089851100000014	-0.2146225
294	-1.250255	0.0	-1.7012639999999999	-1.47	-1.250255	0.0	-0.23259602800000012	-0.21609
295	-1.253673	0.0	-1.708775	-1.4749999999999999	-1.253673	0.0	-0.23430104600000012	-0.2175625
296	-1.257086	0.0	-1.7163059999999999	-1.48	-1.257086	0.0	-0.23601358500000014	-0.21904
297	-1.2604929999999999	0.0	-1.7238559999999998	-1.4849999999999999	-1.2604929999999999	0.0	-0.23773366500000015	-0.2205225
298	-1.2638939999999999	0.0	-1.731426	-1.49	-1.2638939999999999	0.0	-0.23946130500000012	-0.22200999999999999
299	-1.26729	0.0	-1.739015	-1.4949999999999999	-1.26729	0.0	-0.24119652400000013	-0.2235025
