1	-10.228122351954312	-10.228122351954312	-1.6008278349838365
2	-10.228122351954312	-10.228122351954312	-1.6007903546345945
3	-10.228122351954312	-10.228122351954312	-1.600727964286956
4	-10.228122351954312	-10.228122351954312	-1.6006407789169648
5	-10.228122351954312	-10.228122351954312	-1.6005289587434033
6	-10.228122351954312	-10.228122351954312	-1.6003927084881198
7	-10.228122351954312	-10.228122351954312	-1.6002322764364614
8	-10.228122351954312	-10.228122351954312	-1.6000479533061627
9	-10.228122351954312	-10.228122351954312	-1.5998400709344445
10	-10.228122351954312	-10.228122351954312	-1.5996090007946817
11	-10.228122351954312	-10.228122351954312	-1.5993551523550829
12	-10.228122351954312	-10.228122351954312	-1.5990789712932503
13	-10.228122351954312	-10.228122351954312	-1.598780937581046
14	-10.228122351954312	-10.228122351954312	-1.5984615634548436
15	-10.228122351954312	-10.228122351954312	-1.598121391287134
16	-10.228122351954312	-10.228122351954312	-1.5977609913753499
17	-10.228122351954312	-10.228122351954312	-1.5973809596637996
18	-10.228122351954312	-10.228122351954312	-1.5969819154150415
19	-10.228122351954312	-10.228122351954312	-1.5965644988458367
20	-10.228122351954312	-10.228122351954312	-1.5961293687435536
21	-10.228122351954312	-10.228122351954312	-1.5956772000779882
22	-10.228122351954312	-10.228122351954312	-1.5952086816213666
23	-10.228122351954312	-10.228122351954312	-1.5947245135910426
24	-10.228122351954312	-10.228122351954312	-1.594225405326825
25	-10.228122351954312	-10.228122351954312	-1.593712073014377
26	-10.228122351954312	-10.228122351954312	-1.5931852374650788
27	-10.228122351954312	-10.228122351954312	-1.5926456219614913
28	-10.228122351954312	-10.228122351954312	-1.592093950177537
29	-10.228122351954312	-10.228122351954312	-1.591530944179636
30	-10.228122351954312	-10.228122351954312	-1.5909573225152867
31	-10.228122351954312	-10.228122351954312	-1.5903737983948918
32	-10.228122351954312	-10.228122351954312	-1.5897810779711345
33	-10.228122351954312	-10.228122351954312	-1.5891798587189698
34	-10.228122351954312	-10.228122351954312	-1.5885708279183912
35	-10.228122351954312	-10.228122351954312	-1.5879546612415851
36	-10.228122351954312	-10.228122351954312	-1.5873320214456355
37	-10.228122351954312	-10.228122351954312	-1.5867035571715664
38	-10.228122351954312	-10.228122351954312	-1.5860699018489526
39	-10.228122351954312	-10.228122351954312	-1.585431672704084
40	-10.228122351954312	-10.228122351954312	-1.5847894698700693
41	-10.228122351954312	-10.228122351954312	-1.5841438755980943
42	-10.228122351954312	-10.228122351954312	-1.5834954535670744
43	-10.228122351954312	-10.228122351954312	-1.5828447482885737
44	-10.228122351954312	-10.228122351954312	-1.5821922846032268
45	-10.228122351954312	-10.228122351954312	-1.5815385672659497
46	-10.228122351954312	-10.228122351954312	-1.5808840806166977
47	-10.228122351954312	-10.228122351954312	-1.5802292883327185
48	-10.228122351954312	-10.228122351954312	-1.579574633258435
49	-10.228122351954312	-10.228122351954312	-1.578920537309008
50	-10.228122351954312	-10.228122351954312	-1.5782674014435536
51	-10.228122351954312	-10.228122351954312	-1.5776156057042945
52	-10.228122351954312	-10.228122351954312	-1.576965509316597
53	-10.228122351954312	-10.228122351954312	-1.5763174508468227
54	-10.228122351954312	-10.228122351954312	-1.5756717484136493
55	-10.228122351954312	-10.228122351954312	-1.57502869994824
56	-10.228122351954312	-10.228122351954312	-1.5743885835012945
57	-10.228122351954312	-10.228122351954312	-1.573751657590888
58	-10.228122351954312	-10.228122351954312	-1.5731181615880085
59	-10.228122351954312	-10.228122351954312	-1.5724883161377397
60	-10.228122351954312	-10.228122351954312	-1.5718623236109506
61	-10.228122351954312	-10.228122351954312	-1.571240368582447
62	-10.228122351954312	-10.228122351954312	-1.5706226183335543
63	-10.228122351954312	-10.228122351954312	-1.570009223376255
64	-10.228122351954312	-10.228122351954312	-1.5694003179948965
65	-10.228122351954312	-10.228122351954312	-1.5687960208025644
66	-10.228122351954312	-10.228122351954312	-1.5681964353099591
67	-10.228122351954312	-10.228122351954312	-1.5676016505035268
68	-10.228122351954312	-10.228122351954312	-1.5670117414309466
69	-10.228122351954312	-10.228122351954312	-1.5664267697913086
70	-10.228122351954312	-10.228122351954312	-1.565846784527467
71	-10.228122351954312	-10.228122351954312	-1.5652718224190754
72	-10.228122351954312	-10.228122351954312	-1.5647019086737717
73	-10.228122351954312	-10.228122351954312	-1.5641370575152838
74	-10.228122351954312	-10.228122351954312	-1.5635772727664854
75	-10.228122351954312	-10.228122351954312	-1.5630225484255797
76	-10.228122351954312	-10.228122351954312	-1.562472869234558
77	-10.228122351954312	-10.228122351954312	-1.5619282112383603
78	-10.228122351954312	-10.228122351954312	-1.5613885423330287
79	-10.228122351954312	-10.228122351954312	-1.5608538228026292
80	-10.228122351954312	-10.228122351954312	-1.5603240058442707
81	-10.228122351954312	-10.228122351954312	-1.5597990380795757
82	-10.228122351954312	-10.228122351954312	-1.5592788600516398
83	-10.228122351954312	-10.228122351954312	-1.55876340670766
84	-10.228122351954312	-10.228122351954312	-1.5582526078667027
85	-10.228122351954312	-10.228122351954312	-1.5577463886719187
86	-10.228122351954312	-10.228122351954312	-1.5572446700268618
87	-10.228122351954312	-10.228122351954312	-1.5567473690151545
88	-10.228122351954312	-10.228122351954312	-1.5562543993040796
89	-10.228122351954312	-10.228122351954312	-1.5557656715319796
90	-10.228122351954312	-10.228122351954312	-1.5552810936789225
91	-10.228122351954312	-10.228122351954312	-1.5548005714209008
92	-10.228122351954312	-10.228122351954312	-1.5543240084678824
93	-10.228122351954312	-10.228122351954312	-1.5538513068853554
94	-10.228122351954312	-10.228122351954312	-1.5533823673997853
95	-10.228122351954312	-10.228122351954312	-1.552917089688441
96	-10.228122351954312	-10.228122351954312	-1.5524553726533736
97	-10.228122351954312	-10.228122351954312	-1.5519971146800786
98	-10.228122351954312	-10.228122351954312	-1.551542213881396
99	-10.228122351954312	-10.228122351954312	-1.5510905683263108
100	-10.228122351954312	-10.228122351954312	-1.5506420762549413
101	-10.228122351954312	-10.228122351954312	-1.5501966362794302
102	-10.228122351954312	-10.228122351954312	-1.5497541475715917
103	-10.228122351954312	-10.228122351954312	-1.5493145100373038
104	-10.228122351954312	-10.228122351954312	-1.5488776244782947
105	-10.228122351954312	-10.228122351954312	-1.5484433927419972
106	-10.228122351954312	-10.228122351954312	-1.548011717859255
107	-10.228122351954312	-10.228122351954312	-1.5475825041712157
108	-10.228122351954312	-10.228122351954312	-1.5471556574454204
109	-10.228122351954312	-10.228122351954312	-1.5467310849813338
110	-10.228122351954312	-10.228122351954312	-1.546308695705983
111	-10.228122351954312	-10.228122351954312	-1.545888400260156
112	-10.228122351954312	-10.228122351954312	-1.5454701110753892
113	-10.228122351954312	-10.228122351954312	-1.5450537424430237
114	-10.228122351954312	-10.228122351954312	-1.5446392105747069
115	-10.228122351954312	-10.228122351954312	-1.544226433655386
116	-10.228122351954312	-10.228122351954312	-1.5438153318890002
117	-10.228122351954312	-10.228122351954312	-1.5434058275366531
118	-10.228122351954312	-10.228122351954312	-1.5429978449490998
119	-10.228122351954312	-10.228122351954312	-1.542591310592896
120	-10.228122351954312	-10.228122351954312	-1.5421861530701735
121	-10.228122351954312	-10.228122351954312	-1.541782303133621
122	-10.228122351954312	-10.228122351954312	-1.5413796936966027
123	-10.228122351954312	-10.228122351954312	-1.5409782598381376
124	-10.228122351954312	-10.228122351954312	-1.5405779388032685
125	-10.228122351954312	-10.228122351954312	-1.5401786700001248
126	-10.228122351954312	-10.228122351954312	-1.5397803949925708
127	-10.228122351954312	-10.228122351954312	-1.5393830574889265
128	-10.228122351954312	-10.228122351954312	-1.5389865518114454
129	-10.228122351954312	-10.228122351954312	-1.5385907366604443
130	-10.228122351954312	-10.228122351954312	-1.5381954742845336
131	-10.228122351954312	-10.228122351954312	-1.53780063042874
132	-10.228122351954312	-10.228122351954312	-1.53740607428114
133	-10.228122351954312	-10.228122351954312	-1.5370116784182106
134	-10.228122351954312	-10.228122351954312	-1.536617318749091
135	-10.228122351954312	-10.228122351954312	-1.536222874458545
136	-10.228122351954312	-10.228122351954312	-1.5358282279488007
137	-10.228122351954312	-10.228122351954312	-1.5354332647806224
138	-10.228122351954312	-10.228122351954312	-1.5350378736139711
139	-10.228122351954312	-10.228122351954312	-1.5346419461479965
140	-10.228122351954312	-10.228122351954312	-1.534245377060692
141	-10.228122351954312	-10.228122351954312	-1.5338480639489351
142	-10.228122351954312	-10.228122351954312	-1.5334499072682346
143	-10.228122351954312	-10.228122351954312	-1.5330508102718967
144	-10.228122351954312	-10.228122351954312	-1.5326506789502983
145	-10.228122351954312	-10.228122351954312	-1.5322494639330722
146	-10.228122351954312	-10.228122351954312	-1.53184716488179
147	-10.228122351954312	-10.228122351954312	-1.5314437814363848
148	-10.228122351954312	-10.228122351954312	-1.5310393132149929
149	-10.228122351954312	-10.228122351954312	-1.5306337598139932
150	-10.228122351954312	-10.228122351954312	-1.53022712080825
151	-10.228122351954312	-10.228122351954312	-1.5298193957511537
152	-10.228122351954312	-10.228122351954312	-1.5294105841746584
153	-10.228122351954312	-10.228122351954312	-1.5290006855893203
154	-10.228122351954312	-10.228122351954312	-1.52858969948454
155	-10.228122351954312	-10.228122351954312	-1.5281776253283936
156	-10.228122351954312	-10.228122351954312	-1.5277644625676676
157	-10.228122351954312	-10.228122351954312	-1.5273502106280994
158	-10.228122351954312	-10.228122351954312	-1.5269348689142037
159	-10.228122351954312	-10.228122351954312	-1.526518436809513
160	-10.228122351954312	-10.228122351954312	-1.5261009136766093
161	-10.228122351954312	-10.228122351954312	-1.5256822988569454
162	-10.228122351954312	-10.228122351954312	-1.525262591670875
163	-10.228122351954312	-10.228122351954312	-1.524841791417679
164	-10.228122351954312	-10.228122351954312	-1.5244198973755925
165	-10.228122351954312	-10.228122351954312	-1.5239969088018297
166	-10.228122351954312	-10.228122351954312	-1.523572824932821
167	-10.228122351954312	-10.228122351954312	-1.523147644984238
168	-10.228122351954312	-10.228122351954312	-1.5227213681508043
169	-10.228122351954312	-10.228122351954312	-1.5222939936063176
170	-10.228122351954312	-10.228122351954312	-1.5218655205038845
171	-10.228122351954312	-10.228122351954312	-1.5214359479759416
172	-10.228122351954312	-10.228122351954312	-1.5210052751340613
173	-10.228122351954312	-10.228122351954312	-1.5205735010691845
174	-10.228122351954312	-10.228122351954312	-1.52014062485164
175	-10.228122351954312	-10.228122351954312	-1.5197066455311619
176	-10.228122351954312	-10.228122351954312	-1.519271562136906
177	-10.228122351954312	-10.228122351954312	-1.5188353736774662
178	-10.228122351954312	-10.228122351954312	-1.5183980791408893
179	-10.228122351954312	-10.228122351954312	-1.517959677494689
180	-10.228122351954312	-10.228122351954312	-1.5175201676860786
181	-10.228122351954312	-10.228122351954312	-1.5170795486419848
182	-10.228122351954312	-10.228122351954312	-1.5166378192692822
183	-10.228122351954312	-10.228122351954312	-1.516194978454807
184	-10.228122351954312	-10.228122351954312	-1.5157510250649266
185	-10.228122351954312	-10.228122351954312	-1.5153059579455486
186	-10.228122351954312	-10.228122351954312	-1.5148597759223512
187	-10.228122351954312	-10.228122351954312	-1.5144124778007926
188	-10.228122351954312	-10.228122351954312	-1.513964062365894
189	-10.228122351954312	-10.228122351954312	-1.513514528382246
190	-10.228122351954312	-10.228122351954312	-1.5130638745944622
191	-10.228122351954312	-10.228122351954312	-1.5126120997274126
192	-10.228122351954312	-10.228122351954312	-1.5121592024860055
193	-10.228122351954312	-10.228122351954312	-1.5117051815549665
194	-10.228122351954312	-10.228122351954312	-1.511250035598841
195	-10.228122351954312	-10.228122351954312	-1.5107937632622246
196	-10.228122351954312	-10.228122351954312	-1.5103363631697657
197	-10.228122351954312	-10.228122351954312	-1.5098778339261685
198	-10.228122351954312	-10.228122351954312	-1.5094181741161934
199	-10.228122351954312	-10.228122351954312	-1.5089573823044284
