1         -3e-06         -3e-06         -3e-06         -3e-06              0
2   -1.19989e-05   -1.19998e-05       -1.2e-05       -1.2e-05              0
3   -2.69933e-05   -2.69989e-05       -2.7e-05   -2.69998e-05              0
4   -4.79777e-05   -4.79964e-05       -4.8e-05   -4.79993e-05              0
5   -7.49443e-05   -7.49911e-05   -7.50001e-05   -7.49982e-05              0
6   -0.000107883   -0.000107981      -0.000108   -0.000107996              0
7   -0.000146782   -0.000146965      -0.000147   -0.000146993              0
8   -0.000191628    -0.00019194      -0.000192   -0.000191988              0
9   -0.000242403   -0.000242903      -0.000243   -0.000242981              0
10    -0.00029909   -0.000299853        -0.0003    -0.00029997              0
11   -0.000361669   -0.000362784      -0.000363   -0.000362956              0
12   -0.000430118   -0.000431694      -0.000432   -0.000431938              0
13   -0.000504413   -0.000506579      -0.000507   -0.000506915              0
14   -0.000584529   -0.000587434   -0.000588001   -0.000587885              0
15    -0.00067044   -0.000674254   -0.000675001   -0.000674849              0
16   -0.000762116   -0.000767036   -0.000768001   -0.000767804              0
17   -0.000859529   -0.000865773   -0.000867001    -0.00086675              0
18   -0.000962647    -0.00097046   -0.000972001   -0.000971686              0
19    -0.00107144    -0.00108109      -0.001083    -0.00108261              0
20    -0.00118587    -0.00119766        -0.0012    -0.00119952              0
21     -0.0013059    -0.00132016      -0.001323    -0.00132242              0
22     -0.0014315    -0.00144859      -0.001452     -0.0014513              0
23    -0.00156264    -0.00158293      -0.001587    -0.00158616              0
24    -0.00169927    -0.00172319    -0.00172801    -0.00172701              0
25    -0.00184136    -0.00186935    -0.00187501    -0.00187383              0
26    -0.00198887    -0.00202141    -0.00202801    -0.00202663              0
27    -0.00214176    -0.00217935    -0.00218701    -0.00218541              0
28    -0.00229999    -0.00234318    -0.00235201    -0.00235016              0
29    -0.00246351    -0.00251288    -0.00252301    -0.00252088              0
30     -0.0026323    -0.00268845    -0.00270002    -0.00269757              0
31     -0.0028063    -0.00286987    -0.00288302    -0.00288023              0
32    -0.00298548    -0.00305713    -0.00307202    -0.00306886              0
33     -0.0031698    -0.00325024    -0.00326703    -0.00326345              0
34    -0.00335921    -0.00344917    -0.00346803    -0.00346399              0
35    -0.00355367    -0.00365393    -0.00367504     -0.0036705              0
36    -0.00375314    -0.00386449    -0.00388805    -0.00388296              0
37    -0.00395758    -0.00408086    -0.00410705    -0.00410138              0
38    -0.00416694    -0.00430302    -0.00433206    -0.00432575              0
39    -0.00438118    -0.00453096    -0.00456307    -0.00455606              0
40    -0.00460026    -0.00476467    -0.00480009    -0.00479232              0
41    -0.00482414    -0.00500415     -0.0050431    -0.00503453              0
42    -0.00505277    -0.00524938    -0.00529211    -0.00528267              0
43    -0.00528612    -0.00550035    -0.00554713    -0.00553675              0
44    -0.00552413    -0.00575705    -0.00580815    -0.00579676              0
45    -0.00576677    -0.00601948    -0.00607517     -0.0060627              0
46      -0.006014    -0.00628762    -0.00634819    -0.00633457              0
47    -0.00626576    -0.00656145    -0.00662721    -0.00661237              0
48    -0.00652203    -0.00684098    -0.00691224    -0.00689608              0
49    -0.00678275    -0.00712619    -0.00720327    -0.00718571              0
50    -0.00704789    -0.00741707    -0.00750031    -0.00748126              0
51     -0.0073174    -0.00771361    -0.00780334    -0.00778271              0
52    -0.00759123     -0.0080158    -0.00811238    -0.00809007              0
53    -0.00786936    -0.00832362    -0.00842743    -0.00840334              0
54    -0.00815173    -0.00863708    -0.00874847     -0.0087225              0
55    -0.00843831    -0.00895615    -0.00907553    -0.00904756              0
56    -0.00872905    -0.00928082    -0.00940858     -0.0093785              0
57    -0.00902391     -0.0096111    -0.00974765    -0.00971534              0
58    -0.00932284    -0.00994695     -0.0100927     -0.0100581              0
59    -0.00962582     -0.0102884     -0.0104438     -0.0104067              0
60    -0.00993279     -0.0106354     -0.0108009     -0.0107611              0
61     -0.0102437     -0.0109879      -0.011164     -0.0111215              0
62     -0.0105586      -0.011346      -0.011533     -0.0114877              0
63     -0.0108773     -0.0117096     -0.0119081     -0.0118597              0
64     -0.0111998     -0.0120788     -0.0122892     -0.0122377              0
65     -0.0115262     -0.0124534     -0.0126764     -0.0126215              0
66     -0.0118563     -0.0128336     -0.0130695     -0.0130111              0
67     -0.0121901     -0.0132193     -0.0134686     -0.0134066              0
68     -0.0125276     -0.0136104     -0.0138738     -0.0138079              0
69     -0.0128687      -0.014007     -0.0142849      -0.014215              0
70     -0.0132134      -0.014409     -0.0147021      -0.014628              0
71     -0.0135617     -0.0148165     -0.0151252     -0.0150468              0
72     -0.0139135     -0.0152295     -0.0155544     -0.0154714              0
73     -0.0142688     -0.0156479     -0.0159896     -0.0159018              0
74     -0.0146276     -0.0160717     -0.0164308      -0.016338              0
75     -0.0149897     -0.0165009     -0.0168781     -0.0167801              0
76     -0.0153553     -0.0169355     -0.0173313     -0.0172279              0
77     -0.0157241     -0.0173755     -0.0177905     -0.0176815              0
78     -0.0160963     -0.0178209     -0.0182558     -0.0181409              0
79     -0.0164718     -0.0182716     -0.0187271     -0.0186061              0
80     -0.0168504     -0.0187277     -0.0192044     -0.0190771              0
81     -0.0172323     -0.0191892     -0.0196877     -0.0195538              0
82     -0.0176174      -0.019656      -0.020177     -0.0200363              0
83     -0.0180056     -0.0201281     -0.0206724     -0.0205246              0
84     -0.0183969     -0.0206056     -0.0211738     -0.0210186              0
85     -0.0187912     -0.0210884     -0.0216811     -0.0215184              0
86     -0.0191886     -0.0215765     -0.0221946     -0.0220239              0
87     -0.0195891     -0.0220699      -0.022714     -0.0225351              0
88     -0.0199925     -0.0225685     -0.0232394      -0.023052              0
89     -0.0203989     -0.0230725     -0.0237709     -0.0235747              0
90     -0.0208082     -0.0235817     -0.0243084     -0.0241031              0
91     -0.0212204     -0.0240962      -0.024852     -0.0246372              0
92     -0.0216354      -0.024616     -0.0254015      -0.025177              0
93     -0.0220534      -0.025141     -0.0259571     -0.0257225              0
94     -0.0224741     -0.0256712     -0.0265187     -0.0262737              0
95     -0.0228977     -0.0262067     -0.0270863     -0.0268305              0
96      -0.023324     -0.0267474       -0.02766     -0.0273931              0
97      -0.023753     -0.0272933     -0.0282397     -0.0279613              0
98     -0.0241848     -0.0278444     -0.0288254     -0.0285351              0
99     -0.0246194     -0.0284008     -0.0294172     -0.0291147              0
100     -0.0250566     -0.0289623      -0.030015     -0.0296998              0
101     -0.0254964      -0.029529     -0.0306188     -0.0302906              0
102     -0.0259389     -0.0301008     -0.0312287     -0.0308871              0
103     -0.0263841     -0.0306779     -0.0318446     -0.0314891              0
104     -0.0268318     -0.0312601     -0.0324665     -0.0320968              0
105     -0.0272821     -0.0318475     -0.0330945     -0.0327101              0
106     -0.0277351       -0.03244     -0.0337286      -0.033329              0
107     -0.0281905     -0.0330376     -0.0343686     -0.0339535              0
108     -0.0286485     -0.0336404     -0.0350147     -0.0345835              0
109     -0.0291091     -0.0342483     -0.0356669     -0.0352192              0
110     -0.0295721     -0.0348614     -0.0363251     -0.0358604              0
111     -0.0300377     -0.0354795     -0.0369893     -0.0365072              0
112     -0.0305057     -0.0361028     -0.0376596     -0.0371595              0
113     -0.0309763     -0.0367311      -0.038336     -0.0378174              0
114     -0.0314492     -0.0373646     -0.0390184     -0.0384808              0
115     -0.0319247     -0.0380031     -0.0397068     -0.0391498              0
116     -0.0324026     -0.0386467     -0.0404013     -0.0398242              0
117     -0.0328829     -0.0392954     -0.0411019     -0.0405042              0
118     -0.0333656     -0.0399492     -0.0418085     -0.0411897              0
119     -0.0338508      -0.040608     -0.0425211     -0.0418807              0
120     -0.0343383     -0.0412719     -0.0432399     -0.0425772              0
121     -0.0348283     -0.0419408     -0.0439647     -0.0432791              0
122     -0.0353207     -0.0426148     -0.0446955     -0.0439866              0
123     -0.0358154     -0.0432938     -0.0454324     -0.0446994              0
124     -0.0363125     -0.0439778     -0.0461754     -0.0454178              0
125      -0.036812     -0.0446668     -0.0469245     -0.0461416              0
126     -0.0373139     -0.0453609     -0.0476796     -0.0468708              0
127     -0.0378182       -0.04606     -0.0484408     -0.0476054              0
128     -0.0383248      -0.046764      -0.049208     -0.0483455              0
129     -0.0388338     -0.0474731     -0.0499813     -0.0490909              0
130     -0.0393451     -0.0481872     -0.0507607     -0.0498418              0
131     -0.0398588     -0.0489062     -0.0515462     -0.0505981              0
132     -0.0403748     -0.0496302     -0.0523378     -0.0513597              0
133     -0.0408932     -0.0503592     -0.0531354     -0.0521267              0
134      -0.041414     -0.0510932     -0.0539391      -0.052899              0
135     -0.0419371     -0.0518321     -0.0547489     -0.0536767              0
136     -0.0424625      -0.052576     -0.0555648     -0.0544598              0
137     -0.0429903     -0.0533248     -0.0563868     -0.0552482              0
138     -0.0435205     -0.0540786     -0.0572149     -0.0560418              0
139      -0.044053     -0.0548373      -0.058049     -0.0568408              0
140     -0.0445879     -0.0556009     -0.0588892     -0.0576451              0
141     -0.0451251     -0.0563695     -0.0597356     -0.0584547              0
142     -0.0456647      -0.057143      -0.060588     -0.0592696              0
143     -0.0462066     -0.0579213     -0.0614465     -0.0600897              0
144     -0.0467509     -0.0587046     -0.0623112     -0.0609151              0
145     -0.0472976     -0.0594928     -0.0631819     -0.0617458              0
146     -0.0478466     -0.0602859     -0.0640587     -0.0625817              0
147      -0.048398     -0.0610838     -0.0649417     -0.0634228              0
148     -0.0489518     -0.0618866     -0.0658307     -0.0642691              0
149     -0.0495079     -0.0626943     -0.0667259     -0.0651206              0
150     -0.0500664     -0.0635069     -0.0676271     -0.0659773              0
151     -0.0506273     -0.0643243     -0.0685345     -0.0668392              0
152     -0.0511906     -0.0651466      -0.069448     -0.0677063              0
153     -0.0517562     -0.0659737     -0.0703676     -0.0685785              0
154     -0.0523243     -0.0668056     -0.0712933     -0.0694559              0
155     -0.0528947     -0.0676424     -0.0722252     -0.0703384              0
156     -0.0534676      -0.068484     -0.0731631      -0.071226              0
157     -0.0540428     -0.0693304     -0.0741072     -0.0721188              0
158     -0.0546204     -0.0701817     -0.0750575     -0.0730167              0
159     -0.0552004     -0.0710377     -0.0760138     -0.0739196              0
160     -0.0557828     -0.0718985     -0.0769763     -0.0748276              0
161     -0.0563677     -0.0727642     -0.0779449     -0.0757407              0
162     -0.0569549     -0.0736346     -0.0789197     -0.0766589              0
163     -0.0575445     -0.0745098     -0.0799006     -0.0775821              0
164     -0.0581366     -0.0753897     -0.0808876     -0.0785103              0
165      -0.058731     -0.0762744     -0.0818808     -0.0794436              0
166     -0.0593279     -0.0771639     -0.0828801     -0.0803818              0
167     -0.0599272     -0.0780581     -0.0838856     -0.0813251              0
168     -0.0605289     -0.0789571     -0.0848972     -0.0822733              0
169     -0.0611331     -0.0798608      -0.085915     -0.0832265              0
170     -0.0617397     -0.0807692     -0.0869389     -0.0841847              0
171     -0.0623487     -0.0816823      -0.087969     -0.0851478              0
172     -0.0629601     -0.0826001     -0.0890052     -0.0861158              0
173      -0.063574     -0.0835227     -0.0900476     -0.0870888              0
174     -0.0641903     -0.0844499     -0.0910962     -0.0880666              0
175      -0.064809     -0.0853819     -0.0921509     -0.0890494              0
176     -0.0654302     -0.0863185     -0.0932118      -0.090037              0
177     -0.0660538     -0.0872598     -0.0942789     -0.0910295              0
178     -0.0666799     -0.0882058     -0.0953522     -0.0920269              0
179     -0.0673084     -0.0891564     -0.0964316     -0.0930291              0
180     -0.0679393     -0.0901117     -0.0975172     -0.0940362              0
181     -0.0685727     -0.0910716      -0.098609      -0.095048              0
182     -0.0692086     -0.0920361      -0.099707     -0.0960646              0
183     -0.0698469     -0.0930053      -0.100811     -0.0970861              0
184     -0.0704877     -0.0939791      -0.101921     -0.0981123              0
185      -0.071131     -0.0949575      -0.103038     -0.0991433              0
186     -0.0717767     -0.0959406      -0.104161      -0.100179              0
187     -0.0724248     -0.0969282       -0.10529      -0.101219              0
188     -0.0730755     -0.0979204      -0.106425      -0.102265              0
189     -0.0737286     -0.0989172      -0.107566      -0.103314              0
190     -0.0743842     -0.0999186      -0.108714      -0.104369              0
191     -0.0750422      -0.100925      -0.109868      -0.105428              0
192     -0.0757027      -0.101935      -0.111027      -0.106492              0
193     -0.0763658       -0.10295      -0.112194      -0.107561              0
194     -0.0770312       -0.10397      -0.113366      -0.108634              0
195     -0.0776992      -0.104994      -0.114545      -0.109712              0
196     -0.0783697      -0.106022       -0.11573      -0.110794              0
197     -0.0790426      -0.107056      -0.116921      -0.111881              0
198      -0.079718      -0.108093      -0.118118      -0.112973              0
199      -0.080396      -0.109135      -0.119321      -0.114069              0
200     -0.0810764      -0.110182      -0.120531      -0.115169              0
201     -0.0817593      -0.111233      -0.121747      -0.116275              0
202     -0.0824447      -0.112289      -0.122969      -0.117384              0
203     -0.0831326      -0.113349      -0.124198      -0.118499              0
204      -0.083823      -0.114414      -0.125433      -0.119617              0
205     -0.0845159      -0.115483      -0.126674       -0.12074              0
206     -0.0852114      -0.116556      -0.127921      -0.121868              0
207     -0.0859093      -0.117634      -0.129174         -0.123              0
208     -0.0866097      -0.118716      -0.130434      -0.124137              0
209     -0.0873127      -0.119803        -0.1317      -0.125277              0
210     -0.0880181      -0.120894      -0.132972      -0.126423              0
211     -0.0887261       -0.12199      -0.134251      -0.127572              0
212     -0.0894366      -0.123089      -0.135536      -0.128726              0
213     -0.0901496      -0.124194      -0.136827      -0.129885              0
214     -0.0908651      -0.125302      -0.138124      -0.131047              0
215     -0.0915832      -0.126415      -0.139428      -0.132214              0
216     -0.0923037      -0.127533      -0.140738      -0.133386              0
217     -0.0930268      -0.128655      -0.142054      -0.134561              0
218     -0.0937525      -0.129781      -0.143377      -0.135741              0
219     -0.0944806      -0.130911      -0.144705      -0.136925              0
220     -0.0952113      -0.132046       -0.14604      -0.138113              0
221     -0.0959446      -0.133185      -0.147382      -0.139306              0
222     -0.0966803      -0.134328       -0.14873      -0.140502              0
223     -0.0974186      -0.135476      -0.150084      -0.141703              0
224     -0.0981594      -0.136627      -0.151444      -0.142908              0
225     -0.0989028      -0.137784       -0.15281      -0.144117              0
226     -0.0996487      -0.138944      -0.154183      -0.145331              0
227      -0.100397      -0.140109      -0.155563      -0.146548              0
228      -0.101148      -0.141277      -0.156948      -0.147769              0
229      -0.101902      -0.142451       -0.15834      -0.148995              0
230      -0.102658      -0.143628      -0.159739      -0.150225              0
231      -0.103417      -0.144809      -0.161143      -0.151458              0
232      -0.104178      -0.145995      -0.162554      -0.152696              0
233      -0.104941      -0.147185      -0.163971      -0.153937              0
234      -0.105708      -0.148379      -0.165395      -0.155183              0
235      -0.106477      -0.149578      -0.166825      -0.156433              0
236      -0.107248       -0.15078      -0.168261      -0.157686              0
237      -0.108022      -0.151987      -0.169704      -0.158944              0
238      -0.108799      -0.153197      -0.171153      -0.160205              0
239      -0.109578      -0.154412      -0.172608       -0.16147              0
240      -0.110359      -0.155631       -0.17407      -0.162739              0
241      -0.111144      -0.156854      -0.175538      -0.164012              0
242       -0.11193      -0.158082      -0.177013      -0.165289              0
243       -0.11272      -0.159313      -0.178494       -0.16657              0
244      -0.113512      -0.160548      -0.179981      -0.167854              0
245      -0.114306      -0.161788      -0.181475      -0.169143              0
246      -0.115103      -0.163031      -0.182975      -0.170435              0
247      -0.115903      -0.164279      -0.184481       -0.17173              0
248      -0.116705       -0.16553      -0.185994       -0.17303              0
249       -0.11751      -0.166786      -0.187513      -0.174333              0
250      -0.118317      -0.168046      -0.189039       -0.17564              0
251      -0.119127      -0.169309      -0.190571       -0.17695              0
252       -0.11994      -0.170577      -0.192109      -0.178264              0
253      -0.120755      -0.171849      -0.193654      -0.179582              0
254      -0.121573      -0.173124      -0.195206      -0.180903              0
255      -0.122393      -0.174404      -0.196763      -0.182228              0
256      -0.123216      -0.175687      -0.198327      -0.183557              0
257      -0.124041      -0.176975      -0.199898      -0.184889              0
258      -0.124869      -0.178266      -0.201475      -0.186224              0
259        -0.1257      -0.179561      -0.203059      -0.187563              0
260      -0.126533      -0.180861      -0.204648      -0.188906              0
261      -0.127369      -0.182164      -0.206245      -0.190252              0
262      -0.128207      -0.183471      -0.207848      -0.191601              0
263      -0.129048      -0.184782      -0.209457      -0.192954              0
264      -0.129892      -0.186096      -0.211073      -0.194311              0
265      -0.130738      -0.187415      -0.212695       -0.19567              0
266      -0.131587      -0.188737      -0.214324      -0.197033              0
267      -0.132438      -0.190063      -0.215959        -0.1984              0
268      -0.133292      -0.191393        -0.2176      -0.199769              0
269      -0.134148      -0.192727      -0.219248      -0.201142              0
270      -0.135008      -0.194065      -0.220903      -0.202518              0
271      -0.135869      -0.195406      -0.222564      -0.203898              0
272      -0.136734      -0.196751      -0.224232      -0.205281              0
273      -0.137601        -0.1981      -0.225906      -0.206667              0
274       -0.13847      -0.199453      -0.227586      -0.208056              0
275      -0.139342      -0.200809      -0.229273      -0.209448              0
276      -0.140217       -0.20217      -0.230967      -0.210843              0
277      -0.141094      -0.203533      -0.232667      -0.212242              0
278      -0.141974      -0.204901      -0.234374      -0.213644              0
279      -0.142857      -0.206272      -0.236087      -0.215048              0
280      -0.143742      -0.207647      -0.237807      -0.216456              0
281      -0.144629      -0.209026      -0.239533      -0.217867              0
282       -0.14552      -0.210408      -0.241266      -0.219281              0
283      -0.146413      -0.211794      -0.243005      -0.220697              0
284      -0.147308      -0.213183      -0.244751      -0.222117              0
285      -0.148206      -0.214576      -0.246503       -0.22354              0
286      -0.149107      -0.215973      -0.248262      -0.224965              0
287       -0.15001      -0.217373      -0.250027      -0.226394              0
288      -0.150916      -0.218777        -0.2518      -0.227825              0
289      -0.151825      -0.220184      -0.253578       -0.22926              0
290      -0.152736      -0.221595      -0.255363      -0.230697              0
291       -0.15365      -0.223009      -0.257155      -0.232137              0
292      -0.154566      -0.224427      -0.258954      -0.233579              0
293      -0.155485      -0.225849      -0.260758      -0.235025              0
294      -0.156407      -0.227274       -0.26257      -0.236473              0
295      -0.157331      -0.228702      -0.264388      -0.237923              0
296      -0.158258      -0.230134      -0.266213      -0.239377              0
297      -0.159187      -0.231569      -0.268044      -0.240833              0
298      -0.160119      -0.233008      -0.269882      -0.242292              0
299      -0.161054       -0.23445      -0.271727      -0.243753              0
300      -0.161991      -0.235896      -0.273578      -0.245217              0
301       -0.16293      -0.237345      -0.275436      -0.246684              0
302      -0.163873      -0.238797        -0.2773      -0.248153              0
303      -0.164818      -0.240253      -0.279171      -0.249625              0
304      -0.165765      -0.241712      -0.281049      -0.251099              0
305      -0.166716      -0.243175      -0.282933      -0.252575              0
306      -0.167668       -0.24464      -0.284824      -0.254054              0
307      -0.168624       -0.24611      -0.286722      -0.255536              0
308      -0.169582      -0.247582      -0.288626      -0.257019              0
309      -0.170542      -0.249058      -0.290537      -0.258506              0
310      -0.171506      -0.250537      -0.292455      -0.259994              0
311      -0.172471      -0.252019      -0.294379      -0.261485              0
312       -0.17344      -0.253504       -0.29631      -0.262978              0
313      -0.174411      -0.254993      -0.298248      -0.264473              0
314      -0.175384      -0.256485      -0.300192      -0.265971              0
315      -0.176361       -0.25798      -0.302143      -0.267471              0
316      -0.177339      -0.259479      -0.304101      -0.268972              0
317      -0.178321       -0.26098      -0.306065      -0.270477              0
318      -0.179305      -0.262485      -0.308036      -0.271983              0
319      -0.180291      -0.263993      -0.310014      -0.273491              0
320       -0.18128      -0.265504      -0.311999      -0.275002              0
321      -0.182272      -0.267018       -0.31399      -0.276514              0
322      -0.183266      -0.268535      -0.315988      -0.278029              0
323      -0.184263      -0.270055      -0.317992      -0.279545              0
324      -0.185263      -0.271579      -0.320004      -0.281063              0
325      -0.186265      -0.273105      -0.322022      -0.282584              0
326       -0.18727      -0.274635      -0.324047      -0.284106              0
327      -0.188277      -0.276167      -0.326078       -0.28563              0
328      -0.189287      -0.277703      -0.328117      -0.287156              0
329      -0.190299      -0.279241      -0.330162      -0.288684              0
330      -0.191314      -0.280783      -0.332214      -0.290214              0
331      -0.192331      -0.282327      -0.334273      -0.291745              0
332      -0.193352      -0.283875      -0.336338      -0.293279              0
333      -0.194374      -0.285425       -0.33841      -0.294813              0
334        -0.1954      -0.286979      -0.340489       -0.29635              0
335      -0.196427      -0.288535      -0.342575      -0.297888              0
336      -0.197458      -0.290094      -0.344668      -0.299428              0
337      -0.198491      -0.291656      -0.346767       -0.30097              0
338      -0.199526      -0.293221      -0.348873      -0.302513              0
339      -0.200564      -0.294789      -0.350986      -0.304058              0
340      -0.201605      -0.296359      -0.353106      -0.305604              0
341      -0.202648      -0.297933      -0.355232      -0.307151              0
342      -0.203694      -0.299509      -0.357366        -0.3087              0
343      -0.204742      -0.301088      -0.359506      -0.310251              0
344      -0.205793       -0.30267      -0.361653      -0.311803              0
345      -0.206847      -0.304255      -0.363807      -0.313356              0
346      -0.207903      -0.305842      -0.365968      -0.314911              0
347      -0.208961      -0.307432      -0.368135      -0.316467              0
348      -0.210022      -0.309025       -0.37031      -0.318024              0
349      -0.211086       -0.31062      -0.372491      -0.319583              0
350      -0.212152      -0.312218      -0.374679      -0.321143              0
351      -0.213221      -0.313819      -0.376874      -0.322704              0
352      -0.214292      -0.315423      -0.379076      -0.324266              0
353      -0.215366      -0.317029      -0.381285      -0.325829              0
354      -0.216442      -0.318637        -0.3835      -0.327393              0
355      -0.217521      -0.320249      -0.385723      -0.328959              0
356      -0.218602      -0.321863      -0.387952      -0.330525              0
357      -0.219686      -0.323479      -0.390188      -0.332093              0
358      -0.220772      -0.325098      -0.392431      -0.333661              0
359      -0.221861       -0.32672      -0.394681      -0.335231              0
360      -0.222952      -0.328344      -0.396938      -0.336801              0
361      -0.224046      -0.329971      -0.399202      -0.338372              0
362      -0.225142        -0.3316      -0.401473      -0.339945              0
363      -0.226241      -0.333232      -0.403751      -0.341518              0
364      -0.227343      -0.334866      -0.406035      -0.343091              0
365      -0.228447      -0.336502      -0.408327      -0.344666              0
366      -0.229553      -0.338141      -0.410625      -0.346241              0
367      -0.230662      -0.339783      -0.412931      -0.347817              0
368      -0.231773      -0.341426      -0.415243      -0.349394              0
369      -0.232887      -0.343073      -0.417562      -0.350971              0
370      -0.234003      -0.344721      -0.419889      -0.352549              0
371      -0.235122      -0.346372      -0.422222      -0.354127              0
372      -0.236243      -0.348025      -0.424562      -0.355706              0
373      -0.237367      -0.349681      -0.426909      -0.357286              0
374      -0.238493      -0.351339      -0.429263      -0.358866              0
375      -0.239621      -0.352999      -0.431624      -0.360446              0
376      -0.240752      -0.354661      -0.433992      -0.362027              0
377      -0.241886      -0.356326      -0.436367      -0.363608              0
378      -0.243022      -0.357993      -0.438749      -0.365189              0
379       -0.24416      -0.359662      -0.441138      -0.366771              0
380      -0.245301      -0.361333      -0.443534      -0.368353              0
381      -0.246444      -0.363007      -0.445937      -0.369936              0
382       -0.24759      -0.364682      -0.448347      -0.371518              0
383      -0.248738       -0.36636      -0.450764      -0.373101              0
384      -0.249888       -0.36804      -0.453188      -0.374684              0
385      -0.251041      -0.369722      -0.455619      -0.376267              0
386      -0.252196      -0.371406      -0.458057       -0.37785              0
387      -0.253354      -0.373093      -0.460503      -0.379433              0
388      -0.254514      -0.374781      -0.462955      -0.381016              0
389      -0.255676      -0.376471      -0.465414      -0.382599              0
390      -0.256841      -0.378164       -0.46788      -0.384182              0
391      -0.258009      -0.379858      -0.470353      -0.385765              0
392      -0.259178      -0.381555      -0.472834      -0.387348              0
393       -0.26035      -0.383253      -0.475321       -0.38893              0
394      -0.261524      -0.384954      -0.477815      -0.390513              0
395      -0.262701      -0.386656      -0.480317      -0.392095              0
396       -0.26388      -0.388361      -0.482825      -0.393677              0
397      -0.265062      -0.390067      -0.485341      -0.395258              0
398      -0.266245      -0.391775      -0.487863       -0.39684              0
399      -0.267431      -0.393485      -0.490393       -0.39842              0
400       -0.26862      -0.395197       -0.49293      -0.400001              0
401      -0.269811      -0.396911      -0.495474      -0.401581              0
402      -0.271004      -0.398627      -0.498025       -0.40316              0
403      -0.272199      -0.400344      -0.500583      -0.404739              0
404      -0.273397      -0.402063      -0.503148      -0.406318              0
405      -0.274597      -0.403785       -0.50572      -0.407895              0
406      -0.275799      -0.405507      -0.508299      -0.409473              0
407      -0.277003      -0.407232      -0.510886      -0.411049              0
408       -0.27821      -0.408958      -0.513479      -0.412625              0
409      -0.279419      -0.410687       -0.51608        -0.4142              0
410      -0.280631      -0.412416      -0.518688      -0.415774              0
411      -0.281844      -0.414148      -0.521302      -0.417348              0
412       -0.28306      -0.415881      -0.523924       -0.41892              0
413      -0.284278      -0.417616      -0.526553      -0.420492              0
414      -0.285499      -0.419353       -0.52919      -0.422063              0
415      -0.286721      -0.421091      -0.531833      -0.423632              0
416      -0.287946      -0.422831      -0.534483      -0.425201              0
417      -0.289173      -0.424572      -0.537141      -0.426769              0
418      -0.290402      -0.426315      -0.539806      -0.428336              0
419      -0.291634       -0.42806      -0.542478      -0.429901              0
420      -0.292868      -0.429806      -0.545157      -0.431466              0
421      -0.294103      -0.431553      -0.547843      -0.433029              0
422      -0.295341      -0.433302      -0.550536      -0.434591              0
423      -0.296582      -0.435053      -0.553237      -0.436151              0
424      -0.297824      -0.436805      -0.555944      -0.437711              0
425      -0.299068      -0.438559      -0.558659      -0.439269              0
426      -0.300315      -0.440314      -0.561381      -0.440825              0
427      -0.301564      -0.442071       -0.56411      -0.442381              0
428      -0.302815      -0.443829      -0.566846      -0.443934              0
429      -0.304068      -0.445588       -0.56959      -0.445487              0
430      -0.305323      -0.447349       -0.57234      -0.447037              0
431       -0.30658      -0.449111      -0.575098      -0.448586              0
432       -0.30784      -0.450874      -0.577863      -0.450134              0
433      -0.309101      -0.452639      -0.580635       -0.45168              0
434      -0.310365      -0.454406      -0.583414      -0.453224              0
435       -0.31163      -0.456173      -0.586201      -0.454766              0
436      -0.312898      -0.457942      -0.588994      -0.456307              0
437      -0.314168      -0.459712      -0.591795      -0.457845              0
438       -0.31544      -0.461484      -0.594603      -0.459382              0
439      -0.316713      -0.463256      -0.597418      -0.460917              0
440      -0.317989       -0.46503       -0.60024       -0.46245              0
441      -0.319267      -0.466805       -0.60307      -0.463981              0
442      -0.320547      -0.468582      -0.605906       -0.46551              0
443      -0.321829      -0.470359       -0.60875      -0.467037              0
444      -0.323113      -0.472138      -0.611601      -0.468562              0
445      -0.324399      -0.473918      -0.614459      -0.470085              0
446      -0.325686      -0.475699      -0.617325      -0.471605              0
447      -0.326976      -0.477481      -0.620197      -0.473124              0
448      -0.328268      -0.479265      -0.623077       -0.47464              0
449      -0.329562      -0.481049      -0.625964      -0.476153              0
450      -0.330857      -0.482835      -0.628858      -0.477665              0
451      -0.332155      -0.484622      -0.631759      -0.479174              0
452      -0.333454      -0.486409      -0.634668       -0.48068              0
453      -0.334755      -0.488198      -0.637584      -0.482184              0
454      -0.336059      -0.489988      -0.640506      -0.483686              0
455      -0.337364      -0.491779      -0.643436      -0.485184              0
456      -0.338671      -0.493571      -0.646374      -0.486681              0
457      -0.339979      -0.495364      -0.649318      -0.488174              0
458       -0.34129      -0.497158       -0.65227      -0.489665              0
459      -0.342603      -0.498953      -0.655229      -0.491154              0
460      -0.343917      -0.500749      -0.658194      -0.492639              0
461      -0.345233      -0.502545      -0.661168      -0.494122              0
462      -0.346551      -0.504343      -0.664148      -0.495602              0
463       -0.34787      -0.506142      -0.667135      -0.497079              0
464      -0.349192      -0.507942       -0.67013      -0.498552              0
465      -0.350515      -0.509742      -0.673132      -0.500023              0
466       -0.35184      -0.511544      -0.676141      -0.501491              0
467      -0.353167      -0.513346      -0.679157      -0.502956              0
468      -0.354495      -0.515149      -0.682181      -0.504418              0
469      -0.355825      -0.516953      -0.685211      -0.505876              0
470      -0.357157      -0.518758      -0.688249      -0.507332              0
471      -0.358491      -0.520564      -0.691294      -0.508784              0
472      -0.359826       -0.52237      -0.694346      -0.510233              0
473      -0.361163      -0.524178      -0.697405      -0.511678              0
474      -0.362501      -0.525986      -0.700471       -0.51312              0
475      -0.363841      -0.527795      -0.703545      -0.514559              0
476      -0.365183      -0.529605      -0.706625      -0.515994              0
477      -0.366527      -0.531415      -0.709713      -0.517426              0
478      -0.367872      -0.533226      -0.712808      -0.518854              0
479      -0.369218      -0.535038       -0.71591      -0.520279              0
480      -0.370566      -0.536851      -0.719019        -0.5217              0
481      -0.371916      -0.538665      -0.722136      -0.523117              0
482      -0.373267      -0.540479      -0.725259       -0.52453              0
483       -0.37462      -0.542294       -0.72839       -0.52594              0
484      -0.375974      -0.544109      -0.731527      -0.527346              0
485       -0.37733      -0.545925      -0.734672      -0.528748              0
486      -0.378687      -0.547742      -0.737824      -0.530146              0
487      -0.380046       -0.54956      -0.740983       -0.53154              0
488      -0.381407      -0.551378      -0.744149       -0.53293              0
489      -0.382768      -0.553197      -0.747322      -0.534316              0
490      -0.384131      -0.555017      -0.750502      -0.535698              0
491      -0.385496      -0.556837       -0.75369      -0.537076              0
492      -0.386862      -0.558658      -0.756884       -0.53845              0
493      -0.388229      -0.560479      -0.760086      -0.539819              0
494      -0.389598      -0.562301      -0.763294      -0.541184              0
495      -0.390968      -0.564124       -0.76651      -0.542545              0
496      -0.392339      -0.565947      -0.769733      -0.543902              0
497      -0.393712      -0.567771      -0.772962      -0.545254              0
498      -0.395086      -0.569596      -0.776199      -0.546601              0
499      -0.396462      -0.571421      -0.779443      -0.547945              0
500      -0.397838      -0.573246      -0.782694      -0.549283              0
501      -0.399216      -0.575072      -0.785952      -0.550617              0
502      -0.400595      -0.576899      -0.789216      -0.551947              0
503      -0.401976      -0.578726      -0.792488      -0.553271              0
504      -0.403357      -0.580554      -0.795767      -0.554591              0
505       -0.40474      -0.582382      -0.799053      -0.555906              0
506      -0.406124      -0.584211      -0.802346      -0.557217              0
507      -0.407509       -0.58604      -0.805645      -0.558522              0
508      -0.408896       -0.58787      -0.808952      -0.559823              0
509      -0.410283      -0.589701      -0.812266      -0.561118              0
510      -0.411672      -0.591532      -0.815586      -0.562409              0
511      -0.413062      -0.593363      -0.818914      -0.563695              0
512      -0.414452      -0.595195      -0.822248      -0.564975              0
513      -0.415844      -0.597027       -0.82559       -0.56625              0
514      -0.417237       -0.59886      -0.828938      -0.567521              0
515      -0.418631      -0.600694      -0.832293      -0.568786              0
516      -0.420026      -0.602528      -0.835655      -0.570045              0
517      -0.421422      -0.604362      -0.839024      -0.571299              0
518      -0.422819      -0.606197        -0.8424      -0.572548              0
519      -0.424217      -0.608032      -0.845782      -0.573792              0
520      -0.425616      -0.609868      -0.849172       -0.57503              0
521      -0.427016      -0.611704      -0.852568      -0.576263              0
522      -0.428417      -0.613541      -0.855971       -0.57749              0
523      -0.429818      -0.615379      -0.859381      -0.578711              0
524      -0.431221      -0.617216      -0.862797      -0.579927              0
525      -0.432624      -0.619055      -0.866221      -0.581137              0
526      -0.434028      -0.620893      -0.869651      -0.582341              0
527      -0.435433      -0.622732      -0.873088      -0.583539              0
528      -0.436839      -0.624572      -0.876531      -0.584732              0
529      -0.438246      -0.626412      -0.879982      -0.585919              0
530      -0.439653      -0.628253      -0.883439        -0.5871              0
531      -0.441062      -0.630094      -0.886902      -0.588275              0
532      -0.442471      -0.631936      -0.890373      -0.589444              0
533       -0.44388      -0.633778       -0.89385      -0.590606              0
534      -0.445291       -0.63562      -0.897333      -0.591763              0
535      -0.446702      -0.637463      -0.900824      -0.592914              0
536      -0.448113      -0.639307      -0.904321      -0.594058              0
537      -0.449526      -0.641151      -0.907824      -0.595196              0
538      -0.450938      -0.642995      -0.911334      -0.596328              0
539      -0.452352       -0.64484      -0.914851      -0.597453              0
540      -0.453766      -0.646686      -0.918374      -0.598572              0
541      -0.455181      -0.648532      -0.921904      -0.599685              0
542      -0.456596      -0.650378       -0.92544      -0.600791              0
543      -0.458012      -0.652225      -0.928983       -0.60189              0
544      -0.459428      -0.654073      -0.932532      -0.602983              0
545      -0.460845      -0.655921      -0.936088       -0.60407              0
546      -0.462262      -0.657769       -0.93965       -0.60515              0
547      -0.463679      -0.659619      -0.943218      -0.606223              0
548      -0.465097      -0.661468      -0.946793      -0.607289              0
549      -0.466516      -0.663319      -0.950375      -0.608348              0
550      -0.467934      -0.665169      -0.953962      -0.609401              0
551      -0.469354      -0.667021      -0.957556      -0.610447              0
552      -0.470773      -0.668873      -0.961157      -0.611485              0
553      -0.472193      -0.670725      -0.964763      -0.612517              0
554      -0.473613      -0.672578      -0.968376      -0.613542              0
555      -0.475033      -0.674432      -0.971995       -0.61456              0
556      -0.476454      -0.676286      -0.975621       -0.61557              0
557      -0.477875      -0.678141      -0.979252      -0.616574              0
558      -0.479296      -0.679997       -0.98289       -0.61757              0
559      -0.480717      -0.681853      -0.986534      -0.618559              0
560      -0.482138       -0.68371      -0.990184       -0.61954              0
561       -0.48356      -0.685568       -0.99384      -0.620515              0
562      -0.484981      -0.687426      -0.997503      -0.621482              0
563      -0.486403      -0.689285       -1.00117      -0.622441              0
564      -0.487825      -0.691144       -1.00485      -0.623393              0
565      -0.489247      -0.693005       -1.00853      -0.624337              0
566      -0.490669      -0.694866       -1.01221      -0.625274              0
567       -0.49209      -0.696727       -1.01591      -0.626204              0
568      -0.493512       -0.69859        -1.0196      -0.627125              0
569      -0.494934      -0.700453       -1.02331      -0.628039              0
570      -0.496356      -0.702317       -1.02702      -0.628945              0
571      -0.497778      -0.704182       -1.03073      -0.629844              0
572      -0.499199      -0.706048       -1.03446      -0.630734              0
573      -0.500621      -0.707914       -1.03818      -0.631617              0
574      -0.502042      -0.709782       -1.04192      -0.632492              0
575      -0.503463       -0.71165       -1.04566      -0.633359              0
576      -0.504884      -0.713519        -1.0494      -0.634217              0
577      -0.506305      -0.715389       -1.05315      -0.635068              0
578      -0.507726       -0.71726       -1.05691      -0.635911              0
579      -0.509146      -0.719131       -1.06067      -0.636745              0
580      -0.510566      -0.721004       -1.06444      -0.637572              0
581      -0.511985      -0.722878       -1.06821       -0.63839              0
582      -0.513405      -0.724753       -1.07199        -0.6392              0
583      -0.514824      -0.726628       -1.07578      -0.640001              0
584      -0.516242      -0.728505       -1.07957      -0.640794              0
585       -0.51766      -0.730383       -1.08336      -0.641579              0
586      -0.519078      -0.732262       -1.08716      -0.642356              0
587      -0.520495      -0.734142       -1.09097      -0.643124              0
588      -0.521912      -0.736023       -1.09478      -0.643883              0
589      -0.523328      -0.737905        -1.0986      -0.644634              0
590      -0.524744      -0.739788       -1.10242      -0.645376              0
591      -0.526159      -0.741673       -1.10625       -0.64611              0
592      -0.527574      -0.743559       -1.11008      -0.646835              0
593      -0.528988      -0.745446       -1.11392      -0.647551              0
594      -0.530401      -0.747334       -1.11776      -0.648259              0
595      -0.531814      -0.749223       -1.12161      -0.648958              0
596      -0.533226      -0.751114       -1.12546      -0.649647              0
597      -0.534638      -0.753006       -1.12932      -0.650329              0
598      -0.536048        -0.7549       -1.13318      -0.651001              0
599      -0.537458      -0.756795       -1.13705      -0.651664              0
600      -0.538868      -0.758691       -1.14093      -0.652318              0
601      -0.540276      -0.760589        -1.1448      -0.652963              0
602      -0.541683      -0.762488       -1.14869      -0.653599              0
603       -0.54309      -0.764389       -1.15258      -0.654226              0
604      -0.544496      -0.766291       -1.15647      -0.654844              0
605      -0.545901      -0.768195       -1.16037      -0.655453              0
606      -0.547305      -0.770101       -1.16427      -0.656053              0
607      -0.548708      -0.772008       -1.16818      -0.656643              0
608       -0.55011      -0.773916       -1.17209      -0.657224              0
609      -0.551511      -0.775827         -1.176      -0.657796              0
610      -0.552911      -0.777739       -1.17993      -0.658358              0
611       -0.55431      -0.779653       -1.18385      -0.658911              0
612      -0.555708      -0.781569       -1.18778      -0.659454              0
613      -0.557105      -0.783486       -1.19171      -0.659988              0
614        -0.5585      -0.785406       -1.19565      -0.660513              0
615      -0.559895      -0.787327        -1.1996      -0.661028              0
616      -0.561288       -0.78925       -1.20354      -0.661533              0
617       -0.56268      -0.791175        -1.2075      -0.662029              0
618      -0.564071      -0.793102       -1.21145      -0.662515              0
619      -0.565461      -0.795031       -1.21541      -0.662992              0
620      -0.566849      -0.796963       -1.21938      -0.663459              0
621      -0.568236      -0.798896       -1.22334      -0.663916              0
622      -0.569622      -0.800832       -1.22732      -0.664363              0
623      -0.571006      -0.802769       -1.23129      -0.664801              0
624      -0.572389      -0.804709       -1.23527      -0.665228              0
625      -0.573771      -0.806651       -1.23926      -0.665646              0
626      -0.575151      -0.808596       -1.24325      -0.666054              0
627       -0.57653      -0.810543       -1.24724      -0.666452              0
628      -0.577907      -0.812492       -1.25123       -0.66684              0
629      -0.579282      -0.814443       -1.25523      -0.667219              0
630      -0.580656      -0.816398       -1.25924      -0.667587              0
631      -0.582029      -0.818354       -1.26324      -0.667945              0
632        -0.5834      -0.820313       -1.26725      -0.668293              0
633      -0.584769      -0.822275       -1.27127      -0.668631              0
634      -0.586137       -0.82424       -1.27529      -0.668958              0
635      -0.587503      -0.826207       -1.27931      -0.669276              0
636      -0.588867      -0.828177       -1.28333      -0.669584              0
637      -0.590229      -0.830149       -1.28736      -0.669881              0
638       -0.59159      -0.832125       -1.29139      -0.670168              0
639      -0.592949      -0.834103       -1.29542      -0.670444              0
640      -0.594306      -0.836085       -1.29946      -0.670711              0
641      -0.595661      -0.838069        -1.3035      -0.670967              0
642      -0.597015      -0.840056       -1.30754      -0.671213              0
643      -0.598366      -0.842047       -1.31159      -0.671448              0
644      -0.599716       -0.84404       -1.31564      -0.671673              0
645      -0.601063      -0.846037       -1.31969      -0.671888              0
646      -0.602409      -0.848037       -1.32375      -0.672092              0
647      -0.603753       -0.85004       -1.32781      -0.672286              0
648      -0.605094      -0.852046       -1.33187      -0.672469              0
649      -0.606434      -0.854056       -1.33593      -0.672642              0
650      -0.607771      -0.856069          -1.34      -0.672804              0
651      -0.609106      -0.858086       -1.34406      -0.672956              0
652       -0.61044      -0.860106       -1.34814      -0.673097              0
653      -0.611771       -0.86213       -1.35221      -0.673228              0
654      -0.613099      -0.864158       -1.35629      -0.673348              0
655      -0.614426      -0.866189       -1.36036      -0.673457              0
656       -0.61575      -0.868224       -1.36444      -0.673556              0
657      -0.617072      -0.870263       -1.36853      -0.673644              0
658      -0.618392      -0.872305       -1.37261      -0.673721              0
659      -0.619709      -0.874352        -1.3767      -0.673788              0
660      -0.621024      -0.876402       -1.38079      -0.673844              0
661      -0.622337      -0.878457       -1.38488      -0.673889              0
662      -0.623647      -0.880516       -1.38897      -0.673923              0
663      -0.624955      -0.882579       -1.39307      -0.673947              0
664       -0.62626      -0.884646       -1.39717       -0.67396              0
665      -0.627563      -0.886717       -1.40126      -0.673962              0
666      -0.628863      -0.888793       -1.40536      -0.673953              0
667      -0.630161      -0.890873       -1.40947      -0.673934              0
668      -0.631456      -0.892957       -1.41357      -0.673904              0
669      -0.632749      -0.895046       -1.41767      -0.673862              0
670      -0.634038       -0.89714       -1.42178       -0.67381              0
671      -0.635326      -0.899238       -1.42589      -0.673747              0
672       -0.63661      -0.901341          -1.43      -0.673674              0
673      -0.637892      -0.903449       -1.43411      -0.673589              0
674      -0.639171      -0.905562       -1.43822      -0.673493              0
675      -0.640447      -0.907679       -1.44233      -0.673387              0
676       -0.64172      -0.909801       -1.44645       -0.67327              0
677      -0.642991      -0.911929       -1.45056      -0.673141              0
678      -0.644259      -0.914062       -1.45468      -0.673002              0
679      -0.645523      -0.916199       -1.45879      -0.672852              0
680      -0.646785      -0.918342       -1.46291      -0.672691              0
681      -0.648044      -0.920491       -1.46703      -0.672519              0
682        -0.6493      -0.922644       -1.47115      -0.672336              0
683      -0.650553      -0.924804       -1.47527      -0.672142              0
684      -0.651803      -0.926968       -1.47939      -0.671937              0
685       -0.65305      -0.929138       -1.48351      -0.671721              0
686      -0.654293      -0.931314       -1.48763      -0.671494              0
687      -0.655534      -0.933496       -1.49175      -0.671256              0
688      -0.656772      -0.935683       -1.49587      -0.671007              0
689      -0.658006      -0.937876       -1.49999      -0.670747              0
690      -0.659237      -0.940076       -1.50411      -0.670476              0
691      -0.660465      -0.942281       -1.50823      -0.670194              0
692       -0.66169      -0.944492       -1.51235      -0.669901              0
693      -0.662911      -0.946709       -1.51647      -0.669598              0
694      -0.664129      -0.948933       -1.52059      -0.669283              0
695      -0.665344      -0.951163       -1.52471      -0.668957              0
696      -0.666555      -0.953399       -1.52883       -0.66862              0
697      -0.667763      -0.955642       -1.53295      -0.668273              0
698      -0.668967      -0.957891       -1.53707      -0.667914              0
699      -0.670168      -0.960147       -1.54119      -0.667544              0
700      -0.671366       -0.96241       -1.54531      -0.667164              0
701       -0.67256      -0.964679       -1.54943      -0.666772              0
702       -0.67375      -0.966955       -1.55354      -0.666369              0
703      -0.674937      -0.969238       -1.55766      -0.665956              0
704      -0.676121      -0.971528       -1.56177      -0.665532              0
705        -0.6773      -0.973825       -1.56589      -0.665096              0
706      -0.678476       -0.97613          -1.57       -0.66465              0
707      -0.679649      -0.978441       -1.57411      -0.664193              0
708      -0.680817       -0.98076       -1.57822      -0.663725              0
709      -0.681982      -0.983086       -1.58233      -0.663246              0
710      -0.683144      -0.985419       -1.58644      -0.662756              0
711      -0.684301       -0.98776       -1.59054      -0.662255              0
712      -0.685454      -0.990109       -1.59465      -0.661744              0
713      -0.686604      -0.992466       -1.59875      -0.661221              0
714       -0.68775       -0.99483       -1.60285      -0.660688              0
715      -0.688892      -0.997202       -1.60695      -0.660144              0
716       -0.69003      -0.999582       -1.61105      -0.659589              0
717      -0.691164       -1.00197       -1.61514      -0.659024              0
718      -0.692294       -1.00437       -1.61924      -0.658447              0
719       -0.69342       -1.00677       -1.62333       -0.65786              0
720      -0.694542       -1.00918       -1.62742      -0.657262              0
721       -0.69566        -1.0116        -1.6315      -0.656654              0
722      -0.696774       -1.01403       -1.63559      -0.656035              0
723      -0.697883       -1.01647       -1.63967      -0.655405              0
724      -0.698989       -1.01892       -1.64375      -0.654764              0
725       -0.70009       -1.02137       -1.64782      -0.654113              0
726      -0.701187       -1.02384        -1.6519      -0.653451              0
727       -0.70228       -1.02631       -1.65597      -0.652779              0
728      -0.703369       -1.02879       -1.66004      -0.652096              0
729      -0.704453       -1.03128        -1.6641      -0.651403              0
730      -0.705533       -1.03378       -1.66816      -0.650699              0
731      -0.706609       -1.03629       -1.67222      -0.649984              0
732       -0.70768       -1.03881       -1.67628      -0.649259              0
733      -0.708747       -1.04134       -1.68033      -0.648524              0
734      -0.709809       -1.04387       -1.68438      -0.647778              0
735      -0.710867       -1.04642       -1.68842      -0.647022              0
736      -0.711921       -1.04898       -1.69246      -0.646256              0
737       -0.71297       -1.05154        -1.6965      -0.645479              0
738      -0.714014       -1.05412       -1.70054      -0.644692              0
739      -0.715054        -1.0567       -1.70457      -0.643894              0
740      -0.716089        -1.0593       -1.70859      -0.643087              0
741       -0.71712       -1.06191       -1.71262      -0.642269              0
742      -0.718146       -1.06452       -1.71663      -0.641441              0
743      -0.719167       -1.06715       -1.72065      -0.640603              0
744      -0.720183       -1.06979       -1.72466      -0.639755              0
745      -0.721195       -1.07243       -1.72866      -0.638897              0
746      -0.722202       -1.07509       -1.73266      -0.638029              0
747      -0.723204       -1.07776       -1.73666       -0.63715              0
748      -0.724201       -1.08044       -1.74065      -0.636262              0
749      -0.725194       -1.08313       -1.74464      -0.635364              0
750      -0.726181       -1.08583       -1.74862      -0.634456              0
751      -0.727164       -1.08854        -1.7526      -0.633538              0
752      -0.728142       -1.09126       -1.75657      -0.632611              0
753      -0.729114       -1.09399       -1.76054      -0.631673              0
754      -0.730082       -1.09674        -1.7645      -0.630726              0
755      -0.731045       -1.09949       -1.76845      -0.629769              0
756      -0.732002       -1.10226       -1.77241      -0.628803              0
757      -0.732955       -1.10504       -1.77635      -0.627827              0
758      -0.733902       -1.10783       -1.78029      -0.626842              0
759      -0.734845       -1.11063       -1.78422      -0.625847              0
760      -0.735782       -1.11345       -1.78815      -0.624842              0
761      -0.736714       -1.11627       -1.79208      -0.623828              0
762       -0.73764       -1.11911       -1.79599      -0.622805              0
763      -0.738562       -1.12196        -1.7999      -0.621772              0
764      -0.739478       -1.12482       -1.80381      -0.620731              0
765      -0.740389       -1.12769        -1.8077       -0.61968              0
766      -0.741294       -1.13058       -1.81159      -0.618619              0
767      -0.742194       -1.13348       -1.81548       -0.61755              0
768      -0.743089       -1.13639       -1.81936      -0.616472              0
769      -0.743978       -1.13931       -1.82323      -0.615384              0
770      -0.744862       -1.14225       -1.82709      -0.614288              0
771       -0.74574        -1.1452       -1.83095      -0.613183              0
772      -0.746613       -1.14816        -1.8348      -0.612069              0
773       -0.74748       -1.15113       -1.83865      -0.610946              0
774      -0.748342       -1.15412       -1.84248      -0.609814              0
775      -0.749198       -1.15712       -1.84631      -0.608674              0
776      -0.750048       -1.16014       -1.85013      -0.607525              0
777      -0.750893       -1.16316       -1.85395      -0.606367              0
778      -0.751732        -1.1662       -1.85775      -0.605201              0
779      -0.752565       -1.16926       -1.86155      -0.604027              0
780      -0.753393       -1.17232       -1.86534      -0.602844              0
781      -0.754215        -1.1754       -1.86913      -0.601652              0
782      -0.755031        -1.1785        -1.8729      -0.600453              0
783      -0.755841        -1.1816       -1.87667      -0.599245              0
784      -0.756645       -1.18473       -1.88043      -0.598029              0
785      -0.757444       -1.18786       -1.88418      -0.596805              0
786      -0.758236       -1.19101       -1.88792      -0.595573              0
787      -0.759023       -1.19418       -1.89165      -0.594333              0
788      -0.759803       -1.19735       -1.89537      -0.593085              0
789      -0.760578       -1.20054       -1.89909      -0.591829              0
790      -0.761346       -1.20375        -1.9028      -0.590566              0
791      -0.762109       -1.20697       -1.90649      -0.589294              0
792      -0.762865       -1.21021       -1.91018      -0.588016              0
793      -0.763615       -1.21346       -1.91386      -0.586729              0
794      -0.764359       -1.21672       -1.91753      -0.585435              0
795      -0.765097          -1.22       -1.92119      -0.584134              0
796      -0.765829       -1.22329       -1.92484      -0.582825              0
797      -0.766554        -1.2266       -1.92848      -0.581509              0
798      -0.767273       -1.22993       -1.93212      -0.580186              0
799      -0.767986       -1.23326       -1.93574      -0.578855              0
800      -0.768692       -1.23662       -1.93935      -0.577518              0
801      -0.769392       -1.23999       -1.94295      -0.576173              0
802      -0.770086       -1.24337       -1.94654      -0.574822              0
803      -0.770773       -1.24677       -1.95012      -0.573463              0
804      -0.771453       -1.25018       -1.95369      -0.572098              0
805      -0.772128       -1.25361       -1.95725      -0.570727              0
806      -0.772795       -1.25706        -1.9608      -0.569348              0
807      -0.773456       -1.26052       -1.96434      -0.567963              0
808      -0.774111         -1.264       -1.96787      -0.566572              0
809      -0.774759       -1.26749       -1.97138      -0.565174              0
810        -0.7754         -1.271       -1.97489       -0.56377              0
811      -0.776035       -1.27452       -1.97838      -0.562359              0
812      -0.776662       -1.27806       -1.98186      -0.560943              0
813      -0.777283       -1.28162       -1.98533       -0.55952              0
814      -0.777898       -1.28519       -1.98879      -0.558091              0
815      -0.778505       -1.28878       -1.99224      -0.556657              0
816      -0.779106       -1.29238       -1.99568      -0.555216              0
817        -0.7797       -1.29601        -1.9991       -0.55377              0
818      -0.780286       -1.29964       -2.00251      -0.552318              0
819      -0.780866        -1.3033       -2.00591       -0.55086              0
820      -0.781439       -1.30697        -2.0093      -0.549397              0
821      -0.782005       -1.31065       -2.01267      -0.547929              0
822      -0.782564       -1.31436       -2.01603      -0.546455              0
823      -0.783116       -1.31807       -2.01938      -0.544976              0
824       -0.78366       -1.32181       -2.02272      -0.543492              0
825      -0.784198       -1.32556       -2.02604      -0.542003              0
826      -0.784728       -1.32933       -2.02935      -0.540508              0
827      -0.785251       -1.33312       -2.03265      -0.539009              0
828      -0.785767       -1.33692       -2.03593      -0.537505              0
829      -0.786276       -1.34074        -2.0392      -0.535996              0
830      -0.786777       -1.34458       -2.04246      -0.534483              0
831      -0.787271       -1.34844        -2.0457      -0.532965              0
832      -0.787758       -1.35231       -2.04893      -0.531442              0
833      -0.788237       -1.35619       -2.05214      -0.529916              0
834      -0.788709        -1.3601       -2.05535      -0.528384              0
835      -0.789173       -1.36402       -2.05853      -0.526849              0
836       -0.78963       -1.36796        -2.0617       -0.52531              0
837      -0.790079       -1.37192       -2.06486      -0.523766              0
838      -0.790521        -1.3759         -2.068      -0.522219              0
839      -0.790955       -1.37989       -2.07113      -0.520668              0
840      -0.791381        -1.3839       -2.07425      -0.519113              0
841        -0.7918       -1.38792       -2.07735      -0.517554              0
842      -0.792211       -1.39197       -2.08043      -0.515992              0
843      -0.792614       -1.39603        -2.0835      -0.514426              0
844      -0.793009       -1.40011       -2.08655      -0.512857              0
845      -0.793397        -1.4042       -2.08959      -0.511285              0
846      -0.793777       -1.40832       -2.09261       -0.50971              0
847      -0.794148       -1.41245       -2.09562      -0.508131              0
848      -0.794512        -1.4166       -2.09861       -0.50655              0
849      -0.794868       -1.42077       -2.10158      -0.504965              0
850      -0.795216       -1.42495       -2.10454      -0.503378              0
851      -0.795556       -1.42915       -2.10748      -0.501788              0
852      -0.795887       -1.43337        -2.1104      -0.500196              0
853      -0.796211       -1.43761       -2.11331      -0.498601              0
854      -0.796526       -1.44187       -2.11621      -0.497003              0
855      -0.796833       -1.44614       -2.11908      -0.495403              0
856      -0.797132       -1.45043       -2.12194      -0.493802              0
857      -0.797423       -1.45474       -2.12478      -0.492197              0
858      -0.797705       -1.45906        -2.1276      -0.490591              0
859      -0.797979       -1.46341       -2.13041      -0.488983              0
860      -0.798245       -1.46777        -2.1332      -0.487373              0
861      -0.798502       -1.47215       -2.13597      -0.485762              0
862       -0.79875       -1.47655       -2.13873      -0.484149              0
863       -0.79899       -1.48096       -2.14146      -0.482534              0
864      -0.799222       -1.48539       -2.14418      -0.480918              0
865      -0.799445       -1.48985       -2.14688        -0.4793              0
866      -0.799659       -1.49431       -2.14956      -0.477681              0
867      -0.799865        -1.4988       -2.15223      -0.476061              0
868      -0.800062        -1.5033       -2.15487       -0.47444              0
869       -0.80025       -1.50782        -2.1575      -0.472819              0
870      -0.800429       -1.51236       -2.16011      -0.471196              0
871        -0.8006       -1.51692        -2.1627      -0.469572              0
872      -0.800762       -1.52149       -2.16527      -0.467948              0
873      -0.800916       -1.52609       -2.16782      -0.466323              0
874       -0.80106       -1.53069       -2.17035      -0.464698              0
875      -0.801197       -1.53532       -2.17286      -0.463073              0
876      -0.801325       -1.53997       -2.17535      -0.461447              0
877      -0.801444       -1.54463       -2.17782      -0.459821              0
878      -0.801555       -1.54931       -2.18028      -0.458195              0
879      -0.801659         -1.554       -2.18271      -0.456569              0
880      -0.801754       -1.55872       -2.18512      -0.454943              0
881      -0.801842       -1.56345       -2.18751      -0.453317              0
882      -0.801923        -1.5682       -2.18989      -0.451692              0
883      -0.801996       -1.57296       -2.19224      -0.450067              0
884      -0.802063       -1.57774       -2.19457      -0.448443              0
885      -0.802124       -1.58254       -2.19688      -0.446819              0
886      -0.802179       -1.58736       -2.19917      -0.445196              0
887      -0.802229       -1.59219       -2.20144      -0.443574              0
888      -0.802274       -1.59705       -2.20369      -0.441952              0
889      -0.802315       -1.60191       -2.20591      -0.440332              0
890      -0.802352        -1.6068       -2.20812      -0.438713              0
891      -0.802386        -1.6117        -2.2103      -0.437095              0
892      -0.802419       -1.61662       -2.21246      -0.435478              0
893       -0.80245       -1.62155        -2.2146      -0.433862              0
894       -0.80248        -1.6265       -2.21672      -0.432248              0
895      -0.802511       -1.63147       -2.21882      -0.430636              0
896      -0.802542       -1.63645       -2.22089      -0.429025              0
897      -0.802575       -1.64145       -2.22294      -0.427416              0
898       -0.80261       -1.64647       -2.22497      -0.425809              0
899      -0.802649        -1.6515       -2.22698      -0.424204              0
900       -0.80269       -1.65655       -2.22896      -0.422601              0
901      -0.802736       -1.66161       -2.23092         -0.421              0
902      -0.802786       -1.66669       -2.23286      -0.419401              0
903       -0.80284       -1.67179       -2.23478      -0.417804              0
904      -0.802898        -1.6769       -2.23667       -0.41621              0
905      -0.802962       -1.68203       -2.23854      -0.414618              0
906      -0.803029       -1.68717       -2.24039      -0.413029              0
907      -0.803101       -1.69233       -2.24221      -0.411442              0
908      -0.803176        -1.6975       -2.24401      -0.409858              0
909      -0.803255       -1.70269       -2.24579      -0.408277              0
910      -0.803336        -1.7079       -2.24754      -0.406699              0
911      -0.803419       -1.71312       -2.24926      -0.405124              0
912      -0.803503       -1.71835       -2.25097      -0.403552              0
913      -0.803588        -1.7236       -2.25265      -0.401983              0
914      -0.803672       -1.72886        -2.2543      -0.400417              0
915      -0.803755       -1.73414       -2.25593      -0.398854              0
916      -0.803837       -1.73943       -2.25754      -0.397295              0
917      -0.803916       -1.74474       -2.25912       -0.39574              0
918      -0.803992       -1.75006       -2.26068      -0.394187              0
919      -0.804064        -1.7554       -2.26221      -0.392639              0
920      -0.804131       -1.76075       -2.26372      -0.391094              0
921      -0.804193       -1.76611        -2.2652      -0.389553              0
922      -0.804249       -1.77149       -2.26666      -0.388016              0
923      -0.804299       -1.77688       -2.26809      -0.386482              0
924      -0.804343       -1.78228        -2.2695      -0.384953              0
925      -0.804379        -1.7877       -2.27088      -0.383428              0
926      -0.804407       -1.79313       -2.27224      -0.381907              0
927      -0.804428       -1.79858       -2.27357       -0.38039              0
928      -0.804441       -1.80404       -2.27487      -0.378877              0
929      -0.804445       -1.80951       -2.27615      -0.377369              0
930       -0.80444       -1.81499       -2.27741      -0.375865              0
931      -0.804426       -1.82049       -2.27863      -0.374365              0
932      -0.804403         -1.826       -2.27983       -0.37287              0
933       -0.80437       -1.83152       -2.28101       -0.37138              0
934      -0.804328       -1.83706       -2.28216      -0.369894              0
935      -0.804277        -1.8426       -2.28328      -0.368413              0
936      -0.804215       -1.84816       -2.28437      -0.366937              0
937      -0.804143       -1.85373       -2.28544      -0.365465              0
938      -0.804062       -1.85932       -2.28649      -0.363999              0
939       -0.80397       -1.86491        -2.2875      -0.362537              0
940      -0.803867       -1.87052       -2.28849      -0.361081              0
941      -0.803755       -1.87614       -2.28945      -0.359629              0
942      -0.803632       -1.88177       -2.29039      -0.358183              0
943      -0.803499       -1.88741        -2.2913      -0.356741              0
944      -0.803355       -1.89306       -2.29218      -0.355305              0
945        -0.8032       -1.89872       -2.29303      -0.353874              0
946      -0.803035       -1.90439       -2.29386      -0.352449              0
947      -0.802859       -1.91007       -2.29465      -0.351029              0
948      -0.802673       -1.91577       -2.29543      -0.349614              0
949      -0.802475       -1.92147       -2.29617      -0.348204              0
950      -0.802267       -1.92718       -2.29689      -0.346801              0
951      -0.802048       -1.93291       -2.29757      -0.345402              0
952      -0.801818       -1.93864       -2.29823      -0.344009              0
953      -0.801576       -1.94438       -2.29887      -0.342622              0
954      -0.801324       -1.95013       -2.29947       -0.34124              0
955       -0.80106       -1.95589       -2.30005      -0.339864              0
956      -0.800786       -1.96166        -2.3006      -0.338494              0
957      -0.800499       -1.96744       -2.30112      -0.337129              0
958      -0.800202       -1.97322       -2.30161       -0.33577              0
959      -0.799893       -1.97902       -2.30208      -0.334417              0
960      -0.799573       -1.98482       -2.30251       -0.33307              0
961      -0.799241       -1.99063       -2.30292      -0.331728              0
962      -0.798897       -1.99645        -2.3033      -0.330393              0
963      -0.798542       -2.00227       -2.30365      -0.329063              0
964      -0.798175        -2.0081       -2.30398      -0.327739              0
965      -0.797797       -2.01394       -2.30427      -0.326421              0
966      -0.797406       -2.01979       -2.30454      -0.325109              0
967      -0.797004       -2.02564       -2.30477      -0.323803              0
968      -0.796589        -2.0315       -2.30498      -0.322503              0
969      -0.796163       -2.03736       -2.30516      -0.321208              0
970      -0.795724       -2.04323       -2.30532       -0.31992              0
971      -0.795273       -2.04911       -2.30544      -0.318638              0
972       -0.79481       -2.05499       -2.30553      -0.317361              0
973      -0.794335       -2.06088        -2.3056      -0.316091              0
974      -0.793848       -2.06677       -2.30564      -0.314827              0
975      -0.793348       -2.07267       -2.30564      -0.313569              0
976      -0.792835       -2.07857       -2.30562      -0.312316              0
977       -0.79231       -2.08447       -2.30557       -0.31107              0
978      -0.791772       -2.09038       -2.30549       -0.30983              0
979      -0.791222       -2.09629       -2.30539      -0.308595              0
980      -0.790659       -2.10221       -2.30525      -0.307367              0
981      -0.790083       -2.10813       -2.30509      -0.306145              0
982      -0.789495       -2.11405       -2.30489      -0.304928              0
983      -0.788893       -2.11997       -2.30467      -0.303718              0
984      -0.788279        -2.1259       -2.30442      -0.302513              0
985      -0.787651       -2.13183       -2.30414      -0.301315              0
986      -0.787011       -2.13776       -2.30383      -0.300122              0
987      -0.786357       -2.14369       -2.30349      -0.298935              0
988       -0.78569       -2.14963       -2.30313      -0.297755              0
989       -0.78501       -2.15556       -2.30273       -0.29658              0
990      -0.784316        -2.1615       -2.30231       -0.29541              0
991      -0.783609       -2.16743       -2.30185      -0.294247              0
992      -0.782889       -2.17337       -2.30137      -0.293089              0
993      -0.782155       -2.17931       -2.30086      -0.291938              0
994      -0.781407       -2.18524       -2.30032      -0.290791              0
995      -0.780646       -2.19118       -2.29976      -0.289651              0
996      -0.779871       -2.19711       -2.29916      -0.288516              0
997      -0.779082       -2.20304       -2.29854      -0.287387              0
998       -0.77828       -2.20897       -2.29788      -0.286264              0
999      -0.777463        -2.2149        -2.2972      -0.285146              0
1000      -0.776633       -2.22083       -2.29649      -0.284033              0
