1        1.00114    0.000576721        1.00057        1.00114    2.69965e-05       -2.7e-05
2        1.00114     0.00230463       0.998838        1.00114    0.000107958   -0.000107993
3        1.00114     0.00517701       0.995965        1.00114    0.000242802   -0.000242959
4        1.00114     0.00918271       0.991959        1.00114    0.000431392   -0.000431862
5        1.00114      0.0143063       0.986835        1.00114    0.000673536   -0.000674655
6        1.00114      0.0205284       0.980612        1.00114     0.00096899   -0.000971277
7        1.00114      0.0278254       0.973315        1.00114     0.00131746    -0.00132165
8        1.00113      0.0361703       0.964971        1.00113     0.00171861    -0.00172569
9        1.00113      0.0455328       0.955611        1.00113     0.00217204     -0.0021833
10        1.00113      0.0558794       0.945268        1.00113     0.00267732    -0.00269436
11        1.00113      0.0671739       0.933979        1.00113     0.00323397    -0.00325875
12        1.00113      0.0793779       0.921782        1.00113     0.00384149    -0.00387634
13        1.00112      0.0924509       0.908719        1.00112     0.00449932    -0.00454697
14        1.00112       0.106351       0.894832        1.00112     0.00520687    -0.00527049
15        1.00112       0.121035       0.880165        1.00112     0.00596354    -0.00604674
16        1.00111       0.136459       0.864762        1.00111     0.00676868    -0.00687554
17        1.00111       0.152578       0.848668        1.00111     0.00762163     -0.0077567
18        1.00111       0.169348       0.831929        1.00111     0.00852172    -0.00869003
19        1.00111       0.186725       0.814588        1.00111     0.00946823    -0.00967533
20         1.0011       0.204664        0.79669         1.0011      0.0104604     -0.0107124
21         1.0011       0.223124       0.778279         1.0011      0.0114976      -0.011801
22         1.0011       0.242062       0.759397         1.0011      0.0125791     -0.0129409
23         1.0011       0.261439       0.740085         1.0011       0.013704     -0.0141319
24        1.00109       0.281214       0.720381        1.00109      0.0148717     -0.0153738
25        1.00109       0.301352       0.700324        1.00109      0.0160814     -0.0166664
26        1.00109       0.321816       0.679949        1.00109      0.0173323     -0.0180093
27        1.00109       0.342575       0.659291        1.00109      0.0186238     -0.0194023
28        1.00109       0.363596        0.63838        1.00109      0.0199549     -0.0208453
29        1.00108       0.384851       0.617246        1.00108       0.021325     -0.0223379
30        1.00108       0.406312       0.595917        1.00108      0.0227334     -0.0238798
31        1.00108       0.427955       0.574418        1.00108      0.0241793     -0.0254709
32        1.00108       0.449757       0.552772        1.00108       0.025662     -0.0271109
33        1.00108       0.471697       0.531001        1.00108      0.0271807     -0.0287995
34        1.00108       0.493756       0.509123        1.00108      0.0287347     -0.0305365
35        1.00108       0.515917       0.487157        1.00108      0.0303233     -0.0323215
36        1.00108       0.538166       0.465119        1.00108      0.0319458     -0.0341543
37        1.00108       0.560487       0.443021        1.00108      0.0336016     -0.0360348
38        1.00107        0.58287       0.420877        1.00107      0.0352898     -0.0379625
39        1.00107       0.605303       0.398699        1.00107        0.03701     -0.0399372
40        1.00107       0.627776       0.376496        1.00107      0.0387612     -0.0419587
41        1.00107       0.650281       0.354276        1.00107       0.040543     -0.0440266
42        1.00107        0.67281       0.332049        1.00107      0.0423546     -0.0461408
43        1.00107       0.695357       0.309821        1.00107      0.0441955     -0.0483009
44        1.00107       0.717915         0.2876        1.00107      0.0460648     -0.0505068
45        1.00107       0.740478        0.26539        1.00107      0.0479621      -0.052758
46        1.00107       0.763042       0.243198        1.00107      0.0498868     -0.0550544
47        1.00107       0.785601       0.221029        1.00107      0.0518381     -0.0573956
48        1.00107       0.808151       0.198887        1.00107      0.0538154     -0.0597815
49        1.00107       0.830686       0.176779        1.00107      0.0558183     -0.0622117
50        1.00107       0.853202        0.15471        1.00107      0.0578461      -0.064686
51        1.00107       0.875694       0.132683        1.00107      0.0598981      -0.067204
52        1.00107       0.898158       0.110705        1.00107       0.061974     -0.0697657
53        1.00107       0.920587      0.0887815        1.00107       0.064073     -0.0723705
54        1.00107       0.942977      0.0669177        1.00107      0.0661946     -0.0750184
55        1.00107       0.965322      0.0451198        1.00107      0.0683383     -0.0777091
56        1.00107       0.987615      0.0233943        1.00107      0.0705036     -0.0804422
57        1.00107        1.00985     0.00174793        1.00107      0.0726899     -0.0832175
58        1.00107        1.03202     -0.0198123        1.00107      0.0748967     -0.0860348
59        1.00107        1.05412     -0.0412788        1.00107      0.0771236     -0.0888937
60        1.00107        1.07614     -0.0626438        1.00107        0.07937     -0.0917941
61        1.00107        1.09807     -0.0838991        1.00107      0.0816354     -0.0947357
62        1.00107         1.1199      -0.105036        1.00107      0.0839195     -0.0977181
63        1.00107        1.14163      -0.126046        1.00107      0.0862218      -0.100741
64        1.00107        1.16325       -0.14692        1.00107      0.0885418      -0.103805
65        1.00107        1.18474      -0.167649        1.00107      0.0908791      -0.106908
66        1.00107        1.20611      -0.188222        1.00107      0.0932334      -0.110052
67        1.00107        1.22733      -0.208631        1.00107      0.0956041      -0.113235
68        1.00107         1.2484      -0.228865        1.00107      0.0979911      -0.116458
69        1.00106         1.2693      -0.248914        1.00106       0.100394      -0.119719
70        1.00106        1.29004      -0.268769        1.00106       0.102812       -0.12302
71        1.00106         1.3106      -0.288419        1.00106       0.105245      -0.126359
72        1.00106        1.33096      -0.307854        1.00106       0.107694      -0.129737
73        1.00106        1.35112      -0.327065        1.00106       0.110157      -0.133152
74        1.00106        1.37108      -0.346041        1.00106       0.112634      -0.136606
75        1.00106        1.39081      -0.364772        1.00106       0.115125      -0.140097
76        1.00106        1.41031      -0.383251        1.00106        0.11763      -0.143626
77        1.00106        1.42957      -0.401466        1.00106       0.120148      -0.147192
78        1.00106        1.44859      -0.419409        1.00106        0.12268      -0.150795
79        1.00106        1.46734      -0.437072        1.00106       0.125225      -0.154435
80        1.00106        1.48584      -0.454446        1.00106       0.127783      -0.158112
81        1.00106        1.50405      -0.471523        1.00106       0.130354      -0.161825
82        1.00106        1.52199      -0.488296        1.00106       0.132938      -0.165574
83        1.00106        1.53964      -0.504757        1.00106       0.135534      -0.169358
84        1.00106        1.55699        -0.5209        1.00106       0.138143      -0.173179
85        1.00106        1.57405      -0.536717        1.00106       0.140765      -0.177035
86        1.00106        1.59079      -0.552204        1.00106       0.143398      -0.180927
87        1.00106        1.60722      -0.567355        1.00106       0.146044      -0.184853
88        1.00106        1.62334      -0.582164        1.00106       0.148703      -0.188815
89        1.00106        1.63912      -0.596628        1.00106       0.151373      -0.192811
90        1.00106        1.65459      -0.610742        1.00106       0.154056      -0.196842
91        1.00106        1.66972      -0.624502        1.00106       0.156751      -0.200908
92        1.00106        1.68451      -0.637906        1.00106       0.159458      -0.205007
93        1.00106        1.69897      -0.650951        1.00106       0.162178      -0.209141
94        1.00106        1.71309      -0.663635        1.00106        0.16491      -0.213308
95        1.00106        1.72687      -0.675956        1.00106       0.167654      -0.217509
96        1.00106        1.74031      -0.687913        1.00106       0.170411      -0.221744
97        1.00106         1.7534      -0.699504        1.00106        0.17318      -0.226013
98        1.00106        1.76614       -0.71073        1.00106       0.175961      -0.230314
99        1.00106        1.77854      -0.721591        1.00106       0.178756      -0.234649
100        1.00106         1.7906      -0.732087        1.00106       0.181563      -0.239016
101        1.00106        1.80231      -0.742219        1.00106       0.184383      -0.243417
102        1.00106        1.81368      -0.751988        1.00106       0.187216       -0.24785
103        1.00106        1.82471      -0.761395        1.00106       0.190063      -0.252316
104        1.00106         1.8354      -0.770443        1.00106       0.192922      -0.256814
105        1.00106        1.84575      -0.779133        1.00106       0.195795      -0.261345
106        1.00106        1.85576      -0.787469        1.00106       0.198681      -0.265908
107        1.00106        1.86544      -0.795453        1.00106       0.201581      -0.270503
108        1.00106        1.87479      -0.803088        1.00106       0.204495       -0.27513
109        1.00106        1.88381      -0.810377        1.00106       0.207423      -0.279789
110        1.00106         1.8925      -0.817324        1.00106       0.210366       -0.28448
111        1.00106        1.90088      -0.823933        1.00106       0.213322      -0.289202
112        1.00107        1.90894      -0.830208        1.00107       0.216293      -0.293956
113        1.00107        1.91668      -0.836154        1.00107       0.219279      -0.298742
114        1.00107        1.92412      -0.841773        1.00107       0.222279      -0.303559
115        1.00107        1.93125      -0.847072        1.00107       0.225295      -0.308408
116        1.00107        1.93808      -0.852054        1.00107       0.228326      -0.313288
117        1.00107        1.94462      -0.856724        1.00107       0.231372      -0.318199
118        1.00107        1.95086      -0.861088        1.00107       0.234433      -0.323141
119        1.00107        1.95682      -0.865151        1.00107       0.237511      -0.328115
120        1.00107         1.9625      -0.868917        1.00107       0.240605      -0.333119
121        1.00107         1.9679      -0.872392        1.00107       0.243714      -0.338154
122        1.00107        1.97303      -0.875581        1.00107        0.24684      -0.343221
123        1.00107        1.97789      -0.878489        1.00107       0.249983      -0.348318
124        1.00107         1.9825      -0.881122        1.00107       0.253142      -0.353446
125        1.00107        1.98684      -0.883485        1.00107       0.256318      -0.358605
126        1.00107        1.99094      -0.885584        1.00107       0.259512      -0.363795
127        1.00108         1.9948      -0.887426        1.00108       0.262722      -0.369015
128        1.00108        1.99844      -0.889043        1.00108        0.26595      -0.374266
129        1.00108        2.00188      -0.890446        1.00108       0.269196      -0.379548
130        1.00108        2.00512      -0.891641        1.00108       0.272459       -0.38486
131        1.00108        2.00817      -0.892631        1.00108       0.275741      -0.390203
132        1.00108        2.01104      -0.893421        1.00108        0.27904      -0.395577
133        1.00108        2.01372      -0.894018        1.00108       0.282358      -0.400981
134        1.00108        2.01623      -0.894424        1.00108       0.285693      -0.406415
135        1.00108        2.01856      -0.894646        1.00108       0.289048       -0.41188
136        1.00108        2.02072      -0.894688        1.00108       0.292421      -0.417376
137        1.00108        2.02272      -0.894555        1.00108       0.295813      -0.422902
138        1.00108        2.02457      -0.894251        1.00108       0.299224      -0.428458
139        1.00108        2.02626      -0.893782        1.00108       0.302653      -0.434045
140        1.00108         2.0278      -0.893153        1.00108       0.306102      -0.439663
141        1.00108        2.02919      -0.892367        1.00108       0.309571       -0.44531
142        1.00108        2.03044       -0.89143        1.00108       0.313058      -0.450989
143        1.00108        2.03156      -0.890347        1.00108       0.316566      -0.456697
144         1.0011        2.03257      -0.889127         1.0011       0.320093      -0.462436
145         1.0011        2.03354      -0.887872         1.0011       0.323639      -0.468206
146         1.0011        2.03452      -0.886621         1.0011       0.327206      -0.474006
147         1.0011        2.03552      -0.885374         1.0011       0.330792      -0.479836
148         1.0011        2.03653      -0.884131         1.0011       0.334398      -0.485697
149         1.0011        2.03755      -0.882892         1.0011       0.338023      -0.491588
150         1.0011         2.0386      -0.881657         1.0011       0.341668       -0.49751
151         1.0011        2.03965      -0.880426         1.0011       0.345333      -0.503462
152         1.0011        2.04072      -0.879199         1.0011       0.349017      -0.509444
153         1.0011        2.04181      -0.877975         1.0011        0.35272      -0.515457
154         1.0011        2.04291      -0.876756         1.0011       0.356444      -0.521501
155         1.0011        2.04403       -0.87554         1.0011       0.360186      -0.527574
156         1.0011        2.04516      -0.874329         1.0011       0.363948      -0.533679
157         1.0011         2.0463      -0.873121         1.0011       0.367729      -0.539813
158         1.0011        2.04746      -0.871917         1.0011       0.371529      -0.545978
159         1.0011        2.04864      -0.870717         1.0011       0.375349      -0.552174
160         1.0011        2.04983       -0.86952         1.0011       0.379188      -0.558399
161         1.0011        2.05103      -0.868327         1.0011       0.383046      -0.564656
162         1.0011        2.05226      -0.867138         1.0011       0.386923      -0.570942
163         1.0011        2.05349      -0.865952         1.0011       0.390819       -0.57726
164         1.0011        2.05474      -0.864771         1.0011       0.394734      -0.583607
165         1.0011        2.05601      -0.863592         1.0011       0.398668      -0.589985
166         1.0011        2.05729      -0.862418         1.0011       0.402622      -0.596393
167         1.0011        2.05858      -0.861247         1.0011       0.406594      -0.602832
168         1.0011        2.05989      -0.860079         1.0011       0.410585      -0.609301
169         1.0011        2.06122      -0.858915         1.0011       0.414594      -0.615801
170         1.0011        2.06256      -0.857755         1.0011       0.418623      -0.622331
171         1.0011        2.06392      -0.856598         1.0011        0.42267      -0.628891
172         1.0011        2.06529      -0.855444         1.0011       0.426736      -0.635482
173         1.0011        2.06667      -0.854294         1.0011       0.430821      -0.642103
174         1.0011        2.06808      -0.853147         1.0011       0.434924      -0.648754
175         1.0011        2.06949      -0.852004         1.0011       0.439046      -0.655436
176         1.0011        2.07092      -0.850864         1.0011       0.443186      -0.662148
177         1.0011        2.07237      -0.849728         1.0011       0.447345      -0.668891
178         1.0011        2.07383      -0.848595         1.0011       0.451522      -0.675664
179         1.0011        2.07531      -0.847465         1.0011       0.455718      -0.682467
180         1.0011        2.07681      -0.846338         1.0011       0.459931      -0.689301
181         1.0011        2.07831      -0.845215         1.0011       0.464164      -0.696165
182         1.0011        2.07984      -0.844095         1.0011       0.468414      -0.703059
183         1.0011        2.08138      -0.842979         1.0011       0.472682      -0.709984
184         1.0011        2.08293      -0.841865         1.0011       0.476969      -0.716939
185         1.0011         2.0845      -0.840755         1.0011       0.481274      -0.723925
186         1.0011        2.08609      -0.839648         1.0011       0.485596       -0.73094
187         1.0011        2.08769      -0.838544         1.0011       0.489937      -0.737986
188         1.0011        2.08931      -0.837443         1.0011       0.494296      -0.745063
189         1.0011        2.09094      -0.836346         1.0011       0.498672      -0.752169
190         1.0011        2.09259      -0.835251         1.0011       0.503067      -0.759306
191         1.0011        2.09425       -0.83416         1.0011       0.507479      -0.766474
192         1.0011        2.09593      -0.833071         1.0011       0.511908      -0.773671
193         1.0011        2.09763      -0.831986         1.0011       0.516356      -0.780899
194         1.0011        2.09934      -0.830904         1.0011       0.520821      -0.788157
195         1.0011        2.10106      -0.829825         1.0011       0.525304      -0.795445
196         1.0011        2.10281      -0.828749         1.0011       0.529804      -0.802764
197         1.0011        2.10456      -0.827676         1.0011       0.534321      -0.810113
198         1.0011        2.10634      -0.826605         1.0011       0.538856      -0.817492
199         1.0011        2.10813      -0.825538         1.0011       0.543408      -0.824901
200         1.0011        2.10993      -0.824474         1.0011       0.547978      -0.832341
201         1.0011        2.11176      -0.823412         1.0011       0.552565      -0.839811
202         1.0011        2.11359      -0.822354         1.0011       0.557169      -0.847311
203         1.0011        2.11545      -0.821298         1.0011        0.56179      -0.854841
204         1.0011        2.11732      -0.820246         1.0011       0.566428      -0.862402
205         1.0011         2.1192      -0.819196         1.0011       0.571083      -0.869992
206         1.0011         2.1211      -0.818149         1.0011       0.575755      -0.877613
207         1.0011        2.12302      -0.817105         1.0011       0.580444      -0.885264
208         1.0011        2.12496      -0.816063         1.0011        0.58515      -0.892945
209         1.0011        2.12691      -0.815025         1.0011       0.589872      -0.900656
210         1.0011        2.12887      -0.813989         1.0011       0.594611      -0.908398
211         1.0011        2.13086      -0.812956         1.0011       0.599367      -0.916169
212         1.0011        2.13285      -0.811925         1.0011       0.604139      -0.923971
213         1.0011        2.13487      -0.810898         1.0011       0.608928      -0.931803
214         1.0011         2.1369      -0.809873         1.0011       0.613733      -0.939665
215         1.0011        2.13895      -0.808851         1.0011       0.618555      -0.947557
216         1.0011        2.14101      -0.807831         1.0011       0.623393      -0.955479
217         1.0011        2.14309      -0.806814         1.0011       0.628247      -0.963431
218         1.0011        2.14519        -0.8058         1.0011       0.633118      -0.971413
219         1.0011        2.14731      -0.804788         1.0011       0.638004      -0.979425
220         1.0011        2.14944       -0.80378         1.0011       0.642907      -0.987467
221         1.0011        2.15158      -0.802773         1.0011       0.647825      -0.995539
222         1.0011        2.15375      -0.801769         1.0011        0.65276       -1.00364
223         1.0011        2.15593      -0.800768         1.0011        0.65771       -1.01177
224         1.0011        2.15813       -0.79977         1.0011       0.662676       -1.01994
225         1.0011        2.16034      -0.798774         1.0011       0.667658       -1.02813
226         1.0011        2.16257       -0.79778         1.0011       0.672656       -1.03635
227         1.0011        2.16482      -0.796789         1.0011       0.677669        -1.0446
228         1.0011        2.16708      -0.795801         1.0011       0.682698       -1.05288
229         1.0011        2.16937      -0.794815         1.0011       0.687742        -1.0612
230         1.0011        2.17166      -0.793831         1.0011       0.692801       -1.06954
231         1.0011        2.17398       -0.79285         1.0011       0.697876       -1.07791
232         1.0011        2.17631      -0.791871         1.0011       0.702966       -1.08631
233         1.0011        2.17866      -0.790895         1.0011       0.708072       -1.09474
234         1.0011        2.18103      -0.789921         1.0011       0.713192        -1.1032
235         1.0011        2.18341       -0.78895         1.0011       0.718327       -1.11169
236         1.0011        2.18582      -0.787981         1.0011       0.723478       -1.12022
237         1.0011        2.18823      -0.787014         1.0011       0.728643       -1.12877
238         1.0011        2.19067       -0.78605         1.0011       0.733823       -1.13735
239         1.0011        2.19312      -0.785088         1.0011       0.739018       -1.14596
240         1.0011         2.1956      -0.784129         1.0011       0.744227        -1.1546
241         1.0011        2.19808      -0.783172         1.0011       0.749451       -1.16327
242         1.0011        2.20059      -0.782217         1.0011       0.754689       -1.17197
243         1.0011        2.20311      -0.781264         1.0011       0.759942        -1.1807
244         1.0011        2.20565      -0.780314         1.0011       0.765209       -1.18945
245         1.0011        2.20821      -0.779366         1.0011       0.770491       -1.19824
246         1.0011        2.21079       -0.77842         1.0011       0.775787       -1.20706
247         1.0011        2.21338      -0.777477         1.0011       0.781097       -1.21591
248         1.0011          2.216      -0.776536         1.0011        0.78642       -1.22478
249         1.0011        2.21863      -0.775597         1.0011       0.791758       -1.23369
250         1.0011        2.22127       -0.77466         1.0011        0.79711       -1.24263
251         1.0011        2.22394      -0.773725         1.0011       0.802475       -1.25159
252         1.0011        2.22662      -0.772793         1.0011       0.807855       -1.26059
253         1.0011        2.22933      -0.771863         1.0011       0.813247       -1.26961
254         1.0011        2.23205      -0.770935         1.0011       0.818654       -1.27867
255         1.0011        2.23478      -0.770009         1.0011       0.824074       -1.28775
256         1.0011        2.23754      -0.769085         1.0011       0.829507       -1.29687
257         1.0011        2.24032      -0.768163         1.0011       0.834953       -1.30601
258         1.0011        2.24311      -0.767244         1.0011       0.840413       -1.31518
259         1.0011        2.24592      -0.766327         1.0011       0.845886       -1.32438
260         1.0011        2.24875      -0.765411         1.0011       0.851372       -1.33361
261         1.0011         2.2516      -0.764498         1.0011       0.856871       -1.34287
262         1.0011        2.25446      -0.763587         1.0011       0.862382       -1.35216
263         1.0011        2.25735      -0.762678         1.0011       0.867907       -1.36148
264         1.0011        2.26025      -0.761771         1.0011       0.873444       -1.37083
265         1.0011        2.26318      -0.760866         1.0011       0.878994       -1.38021
266         1.0011        2.26612      -0.759963         1.0011       0.884556       -1.38961
267         1.0011        2.26908      -0.759062         1.0011       0.890131       -1.39905
268         1.0011        2.27206      -0.758164         1.0011       0.895718       -1.40851
269         1.0011        2.27505      -0.757267         1.0011       0.901317       -1.41801
270         1.0011        2.27807      -0.756372         1.0011       0.906929       -1.42753
271         1.0011        2.28111      -0.755479         1.0011       0.912552       -1.43708
272         1.0011        2.28416      -0.754588         1.0011       0.918188       -1.44667
273         1.0011        2.28724      -0.753699         1.0011       0.923835       -1.45628
274         1.0011        2.29033      -0.752812         1.0011       0.929495       -1.46592
275         1.0011        2.29344      -0.751927         1.0011       0.935165       -1.47558
276         1.0011        2.29657      -0.751044         1.0011       0.940848       -1.48528
277         1.0011        2.29972      -0.750163         1.0011       0.946542       -1.49501
278         1.0011        2.30289      -0.749283         1.0011       0.952247       -1.50476
279         1.0011        2.30609      -0.748406         1.0011       0.957964       -1.51455
280         1.0011        2.30929       -0.74753         1.0011       0.963692       -1.52436
281         1.0011        2.31252      -0.746657         1.0011       0.969431        -1.5342
282         1.0011        2.31577      -0.745785         1.0011       0.975181       -1.54407
283         1.0011        2.31904      -0.744915         1.0011       0.980941       -1.55397
284         1.0011        2.32233      -0.744047         1.0011       0.986713        -1.5639
285         1.0011        2.32564       -0.74318         1.0011       0.992496       -1.57386
286         1.0011        2.32897      -0.742316         1.0011       0.998289       -1.58384
287         1.0011        2.33231      -0.741453         1.0011        1.00409       -1.59386
288         1.0011        2.33568      -0.740593         1.0011        1.00991        -1.6039
289         1.0011        2.33907      -0.739734         1.0011        1.01573       -1.61397
290         1.0011        2.34248      -0.738876         1.0011        1.02156       -1.62407
291         1.0011        2.34591      -0.738021         1.0011        1.02741        -1.6342
292         1.0011        2.34936      -0.737167         1.0011        1.03326       -1.64436
293         1.0011        2.35283      -0.736315         1.0011        1.03913       -1.65454
294         1.0011        2.35631      -0.735465         1.0011          1.045       -1.66476
295         1.0011        2.35983      -0.734617         1.0011        1.05089         -1.675
296         1.0011        2.36336       -0.73377         1.0011        1.05678       -1.68527
297         1.0011        2.36691      -0.732925         1.0011        1.06268       -1.69557
298         1.0011        2.37048      -0.732082         1.0011        1.06859        -1.7059
299         1.0011        2.37407       -0.73124         1.0011        1.07452       -1.71625
300         1.0011        2.37768      -0.730401         1.0011        1.08045       -1.72664
301         1.0011        2.38132      -0.729563         1.0011        1.08639       -1.73705
302         1.0011        2.38497      -0.728726         1.0011        1.09233       -1.74749
303         1.0011        2.38865      -0.727891         1.0011        1.09829       -1.75796
304         1.0011        2.39235      -0.727058         1.0011        1.10426       -1.76845
305         1.0011        2.39607      -0.726227         1.0011        1.11023       -1.77898
306         1.0011        2.39981      -0.725397         1.0011        1.11622       -1.78953
307         1.0011        2.40357      -0.724569         1.0011        1.12221       -1.80011
308         1.0011        2.40735      -0.723742         1.0011        1.12821       -1.81072
309         1.0011        2.41115      -0.722917         1.0011        1.13421       -1.82135
310         1.0011        2.41498      -0.722094         1.0011        1.14023       -1.83202
311         1.0011        2.41882      -0.721272         1.0011        1.14625       -1.84271
312         1.0011        2.42269      -0.720452         1.0011        1.15229       -1.85343
313         1.0011        2.42658      -0.719634         1.0011        1.15832       -1.86418
314         1.0011         2.4305      -0.718817         1.0011        1.16437       -1.87495
315         1.0011        2.43443      -0.718001         1.0011        1.17043       -1.88576
316         1.0011        2.43838      -0.717187         1.0011        1.17649       -1.89659
317         1.0011        2.44236      -0.716375         1.0011        1.18255       -1.90745
318         1.0011        2.44636      -0.715564         1.0011        1.18863       -1.91833
319         1.0011        2.45038      -0.714755         1.0011        1.19471       -1.92925
320         1.0011        2.45443      -0.713948         1.0011         1.2008       -1.94019
321         1.0011        2.45849      -0.713141         1.0011         1.2069       -1.95115
322         1.0011        2.46258      -0.712337         1.0011          1.213       -1.96215
323         1.0011        2.46669      -0.711534         1.0011        1.21911       -1.97317
324         1.0011        2.47083      -0.710732         1.0011        1.22522       -1.98422
325         1.0011        2.47498      -0.709932         1.0011        1.23135        -1.9953
326         1.0011        2.47916      -0.709133         1.0011        1.23747        -2.0064
327         1.0011        2.48336      -0.708336         1.0011        1.24361       -2.01754
328         1.0011        2.48759      -0.707541         1.0011        1.24975        -2.0287
329         1.0011        2.49183      -0.706746         1.0011        1.25589       -2.03988
330         1.0011         2.4961      -0.705954         1.0011        1.26204       -2.05109
331         1.0011         2.5004      -0.705162         1.0011         1.2682       -2.06233
332         1.0011        2.50471      -0.704373         1.0011        1.27436        -2.0736
333         1.0011        2.50905      -0.703584         1.0011        1.28052       -2.08489
334         1.0011        2.51341      -0.702797         1.0011        1.28669       -2.09622
335         1.0011         2.5178      -0.702012         1.0011        1.29287       -2.10756
336         1.0011        2.52221      -0.701227         1.0011        1.29905       -2.11894
337         1.0011        2.52664      -0.700445         1.0011        1.30524       -2.13034
338         1.0011         2.5311      -0.699663         1.0011        1.31143       -2.14177
339         1.0011        2.53558      -0.698883         1.0011        1.31762       -2.15322
340         1.0011        2.54008      -0.698105         1.0011        1.32382        -2.1647
341         1.0011        2.54461      -0.697328         1.0011        1.33002       -2.17621
342         1.0011        2.54916      -0.696552         1.0011        1.33623       -2.18774
343         1.0011        2.55373      -0.695777         1.0011        1.34244        -2.1993
344         1.0011        2.55833      -0.695004         1.0011        1.34865       -2.21089
345         1.0011        2.56296      -0.694232         1.0011        1.35487        -2.2225
346         1.0011         2.5676      -0.693462         1.0011        1.36109       -2.23414
347         1.0011        2.57227      -0.692693         1.0011        1.36732        -2.2458
348         1.0011        2.57697      -0.691925         1.0011        1.37354       -2.25749
349         1.0011        2.58169      -0.691159         1.0011        1.37977       -2.26921
350         1.0011        2.58643      -0.690393         1.0011        1.38601       -2.28095
351         1.0011         2.5912       -0.68963         1.0011        1.39224       -2.29272
352         1.0011          2.596      -0.688867         1.0011        1.39848       -2.30452
353         1.0011        2.60082      -0.688106         1.0011        1.40472       -2.31634
354         1.0011        2.60566      -0.687346         1.0011        1.41096       -2.32818
355         1.0011        2.61053      -0.686587         1.0011        1.41721       -2.34005
356         1.0011        2.61542       -0.68583         1.0011        1.42345       -2.35195
357         1.0011        2.62034      -0.685074         1.0011         1.4297       -2.36387
358         1.0011        2.62528      -0.684319         1.0011        1.43595       -2.37582
359         1.0011        2.63025      -0.683565         1.0011         1.4422        -2.3878
360         1.0011        2.63525      -0.682813         1.0011        1.44846        -2.3998
361         1.0011        2.64027      -0.682062         1.0011        1.45471       -2.41182
362         1.0011        2.64531      -0.681312         1.0011        1.46097       -2.42387
363         1.0011        2.65038      -0.680564         1.0011        1.46722       -2.43595
364         1.0011        2.65548      -0.679816         1.0011        1.47348       -2.44805
365         1.0011         2.6606       -0.67907         1.0011        1.47974       -2.46017
366         1.0011        2.66575      -0.678325         1.0011          1.486       -2.47232
367         1.0011        2.67092      -0.677581         1.0011        1.49225        -2.4845
368         1.0011        2.67612      -0.676839         1.0011        1.49851        -2.4967
369         1.0011        2.68135      -0.676098         1.0011        1.50477       -2.50893
370         1.0011         2.6866      -0.675358         1.0011        1.51103       -2.52118
371         1.0011        2.69188      -0.674619         1.0011        1.51729       -2.53345
372         1.0011        2.69718      -0.673881         1.0011        1.52354       -2.54575
373         1.0011        2.70251      -0.673144         1.0011         1.5298       -2.55807
374         1.0011        2.70787      -0.672409         1.0011        1.53606       -2.57042
375         1.0011        2.71325      -0.671675         1.0011        1.54231        -2.5828
376         1.0011        2.71867      -0.670941         1.0011        1.54857       -2.59519
377         1.0011         2.7241       -0.67021         1.0011        1.55482       -2.60762
378         1.0011        2.72957      -0.669479         1.0011        1.56107       -2.62006
379         1.0011        2.73506      -0.668749         1.0011        1.56732       -2.63253
380         1.0011        2.74058      -0.668021         1.0011        1.57357       -2.64503
381         1.0011        2.74612      -0.667293         1.0011        1.57981       -2.65754
382         1.0011        2.75169      -0.666567         1.0011        1.58606       -2.67009
383         1.0011        2.75729      -0.665842         1.0011         1.5923       -2.68265
384         1.0011        2.76292      -0.665118         1.0011        1.59854       -2.69524
385         1.0011        2.76857      -0.664395         1.0011        1.60477       -2.70785
386         1.0011        2.77425      -0.663673         1.0011          1.611       -2.72049
387         1.0011        2.77996      -0.662952         1.0011        1.61724       -2.73315
388         1.0011         2.7857      -0.662233         1.0011        1.62346       -2.74584
389         1.0011        2.79147      -0.661514         1.0011        1.62969       -2.75854
390         1.0011        2.79726      -0.660797         1.0011        1.63591       -2.77127
391         1.0011        2.80308       -0.66008         1.0011        1.64212       -2.78403
392         1.0011        2.80893      -0.659365         1.0011        1.64834       -2.79681
393         1.0011         2.8148      -0.658651         1.0011        1.65455       -2.80961
394         1.0011        2.82071      -0.657938         1.0011        1.66075       -2.82243
395         1.0011        2.82664      -0.657226         1.0011        1.66695       -2.83527
396         1.0011         2.8326      -0.656514         1.0011        1.67315       -2.84814
397         1.0011        2.83859      -0.655804         1.0011        1.67934       -2.86104
398         1.0011        2.84461      -0.655095         1.0011        1.68553       -2.87395
399         1.0011        2.85066      -0.654388         1.0011        1.69171       -2.88689
400         1.0011        2.85673      -0.653681         1.0011        1.69789       -2.89985
401         1.0011        2.86284      -0.652975         1.0011        1.70406       -2.91283
402         1.0011        2.86897       -0.65227         1.0011        1.71023       -2.92583
403         1.0011        2.87513      -0.651566         1.0011        1.71639       -2.93886
404        1.00109        2.88133      -0.650863        1.00109        1.72254       -2.95191
405        1.00109        2.88755      -0.650161        1.00109        1.72869       -2.96498
406        1.00109         2.8938      -0.649461        1.00109        1.73483       -2.97807
407        1.00109        2.90008      -0.648761        1.00109        1.74097       -2.99119
408        1.00109        2.90638      -0.648062        1.00109         1.7471       -3.00432
409        1.00109        2.91272      -0.647364        1.00109        1.75322       -3.01748
410        1.00109        2.91909      -0.646667        1.00109        1.75933       -3.03066
411        1.00109        2.92549      -0.645971        1.00109        1.76544       -3.04386
412        1.00109        2.93191      -0.645277        1.00109        1.77154       -3.05709
413        1.00109        2.93837      -0.644583        1.00109        1.77764       -3.07033
414        1.00109        2.94486       -0.64389        1.00109        1.78372        -3.0836
415        1.00109        2.95137      -0.643198        1.00109         1.7898       -3.09688
416         1.0011        2.95792      -0.642507         1.0011        1.79587       -3.11019
417         1.0011         2.9645      -0.641817         1.0011        1.80193       -3.12352
418         1.0011        2.97111      -0.641127         1.0011        1.80799       -3.13687
419         1.0011        2.97774      -0.640439         1.0011        1.81403       -3.15024
420         1.0011        2.98441      -0.639752         1.0011        1.82007       -3.16363
421         1.0011        2.99111      -0.639066         1.0011         1.8261       -3.17705
422         1.0011        2.99784       -0.63838         1.0011        1.83211       -3.19048
423         1.0011         3.0046      -0.637696         1.0011        1.83812       -3.20393
424         1.0011        3.01139      -0.637012         1.0011        1.84412        -3.2174
425         1.0011        3.01821       -0.63633         1.0011        1.85011        -3.2309
426         1.0011        3.02506      -0.635648         1.0011        1.85609       -3.24441
427         1.0011        3.03195      -0.634967         1.0011        1.86206       -3.25794
428         1.0011        3.03886      -0.634287         1.0011        1.86802        -3.2715
429         1.0011        3.04581      -0.633608         1.0011        1.87397       -3.28507
430         1.0011        3.05278       -0.63293         1.0011        1.87991       -3.29866
431         1.0011        3.05979      -0.632253         1.0011        1.88584       -3.31228
432         1.0011        3.06683      -0.631577         1.0011        1.89175       -3.32591
433         1.0011         3.0739      -0.630901         1.0011        1.89766       -3.33956
434         1.0011          3.081      -0.630227         1.0011        1.90355       -3.35323
435         1.0011        3.08814      -0.629553         1.0011        1.90943       -3.36692
436         1.0011         3.0953       -0.62888         1.0011         1.9153       -3.38063
437         1.0011         3.1025      -0.628209         1.0011        1.92116       -3.39436
438         1.0011        3.10973      -0.627538         1.0011        1.92701       -3.40811
439         1.0011        3.11699      -0.626867         1.0011        1.93284       -3.42187
440         1.0011        3.12429      -0.626198         1.0011        1.93866       -3.43566
441         1.0011        3.13161       -0.62553         1.0011        1.94447       -3.44946
442         1.0011        3.13897      -0.624862         1.0011        1.95027       -3.46328
443         1.0011        3.14636      -0.624195         1.0011        1.95605       -3.47712
444         1.0011        3.15378      -0.623529         1.0011        1.96182       -3.49098
445         1.0011        3.16124      -0.622864         1.0011        1.96758       -3.50485
446         1.0011        3.16873        -0.6222         1.0011        1.97332       -3.51875
447         1.0011        3.17625      -0.621537         1.0011        1.97905       -3.53266
448         1.0011         3.1838      -0.620874         1.0011        1.98476       -3.54659
449         1.0011        3.19138      -0.620212         1.0011        1.99046       -3.56054
450         1.0011          3.199      -0.619551         1.0011        1.99615        -3.5745
451         1.0011        3.20665      -0.618891         1.0011        2.00182       -3.58848
452         1.0011        3.21434      -0.618232         1.0011        2.00747       -3.60248
453         1.0011        3.22205      -0.617574         1.0011        2.01311        -3.6165
454         1.0011        3.22981      -0.616916         1.0011        2.01874       -3.63053
455         1.0011        3.23759      -0.616259         1.0011        2.02435       -3.64458
456         1.0011        3.24541      -0.615603         1.0011        2.02994       -3.65865
457         1.0011        3.25326      -0.614948         1.0011        2.03552       -3.67273
458         1.0011        3.26114      -0.614293         1.0011        2.04108       -3.68683
459         1.0011        3.26906       -0.61364         1.0011        2.04663       -3.70095
460         1.0011        3.27701      -0.612987         1.0011        2.05216       -3.71508
461         1.0011        3.28499      -0.612335         1.0011        2.05767       -3.72923
462         1.0011        3.29301      -0.611683         1.0011        2.06317        -3.7434
463         1.0011        3.30106      -0.611033         1.0011        2.06865       -3.75758
464         1.0011        3.30914      -0.610383         1.0011        2.07411       -3.77178
465         1.0011        3.31726      -0.609734         1.0011        2.07955       -3.78599
466         1.0011        3.32542      -0.609086         1.0011        2.08498       -3.80022
467         1.0011         3.3336      -0.608438         1.0011        2.09039       -3.81446
468         1.0011        3.34183      -0.607792         1.0011        2.09578       -3.82872
469         1.0011        3.35008      -0.607146         1.0011        2.10115       -3.84299
470         1.0011        3.35837        -0.6065         1.0011        2.10651       -3.85728
471         1.0011        3.36669      -0.605856         1.0011        2.11184       -3.87159
472         1.0011        3.37505      -0.605212         1.0011        2.11716        -3.8859
473         1.0011        3.38344      -0.604569         1.0011        2.12246       -3.90024
474         1.0011        3.39187      -0.603927         1.0011        2.12774       -3.91458
475         1.0011        3.40033      -0.603286         1.0011          2.133       -3.92895
476         1.0011        3.40883      -0.602645         1.0011        2.13824       -3.94332
477         1.0011        3.41736      -0.602005         1.0011        2.14346       -3.95771
478         1.0011        3.42592      -0.601366         1.0011        2.14866       -3.97212
479         1.0011        3.43452      -0.600727         1.0011        2.15384       -3.98654
480         1.0011        3.44316       -0.60009         1.0011          2.159       -4.00097
481         1.0011        3.45183      -0.599452         1.0011        2.16414       -4.01541
482         1.0011        3.46053      -0.598816         1.0011        2.16925       -4.02987
483         1.0011        3.46927       -0.59818         1.0011        2.17435       -4.04434
484         1.0011        3.47804      -0.597546         1.0011        2.17943       -4.05883
485         1.0011        3.48685      -0.596911         1.0011        2.18448       -4.07333
486         1.0011         3.4957      -0.596278         1.0011        2.18952       -4.08784
487         1.0011        3.50457      -0.595645         1.0011        2.19453       -4.10236
488         1.0011        3.51349      -0.595013         1.0011        2.19952        -4.1169
489         1.0011        3.52244      -0.594382         1.0011        2.20448       -4.13144
490         1.0011        3.53142      -0.593751         1.0011        2.20943       -4.14601
491         1.0011        3.54044      -0.593121         1.0011        2.21435       -4.16058
492         1.0011         3.5495      -0.592492         1.0011        2.21925       -4.17516
493         1.0011        3.55859      -0.591863         1.0011        2.22413       -4.18976
494         1.0011        3.56771      -0.591235         1.0011        2.22898       -4.20437
495         1.0011        3.57688      -0.590608         1.0011        2.23382       -4.21899
496         1.0011        3.58607      -0.589981         1.0011        2.23862       -4.23362
497         1.0011         3.5953      -0.589356         1.0011        2.24341       -4.24826
498         1.0011        3.60457       -0.58873         1.0011        2.24817       -4.26291
499         1.0011        3.61388      -0.588106         1.0011         2.2529       -4.27758
500         1.0011        3.62321      -0.587482         1.0011        2.25761       -4.29225
501         1.0011        3.63259      -0.586859         1.0011         2.2623       -4.30694
502         1.0011          3.642      -0.586236         1.0011        2.26697       -4.32163
503         1.0011        3.65145      -0.585615         1.0011         2.2716       -4.33634
504         1.0011        3.66093      -0.584993         1.0011        2.27622       -4.35106
505         1.0011        3.67045      -0.584373         1.0011        2.28081       -4.36578
506         1.0011           3.68      -0.583753         1.0011        2.28537       -4.38052
507         1.0011        3.68959      -0.583134         1.0011        2.28991       -4.39526
508         1.0011        3.69921      -0.582515         1.0011        2.29442       -4.41002
509         1.0011        3.70887      -0.581897         1.0011         2.2989       -4.42478
510         1.0011        3.71857       -0.58128         1.0011        2.30336       -4.43956
511         1.0011         3.7283      -0.580664         1.0011         2.3078       -4.45434
512         1.0011        3.73807      -0.580048         1.0011         2.3122       -4.46913
513         1.0011        3.74788      -0.579432         1.0011        2.31659       -4.48393
514         1.0011        3.75772      -0.578818         1.0011        2.32094       -4.49874
515         1.0011        3.76759      -0.578204         1.0011        2.32527       -4.51356
516         1.0011         3.7775       -0.57759         1.0011        2.32957       -4.52838
517         1.0011        3.78745      -0.576978         1.0011        2.33384       -4.54322
518         1.0011        3.79744      -0.576366         1.0011        2.33809       -4.55806
519         1.0011        3.80746      -0.575754         1.0011         2.3423       -4.57291
520         1.0011        3.81751      -0.575143         1.0011        2.34649       -4.58777
521         1.0011         3.8276      -0.574533         1.0011        2.35066       -4.60263
522         1.0011        3.83773      -0.573923         1.0011        2.35479        -4.6175
523         1.0011        3.84789      -0.573314         1.0011         2.3589       -4.63238
524         1.0011        3.85809      -0.572706         1.0011        2.36297       -4.64726
525         1.0011        3.86833      -0.572098         1.0011        2.36702       -4.66216
526         1.0011         3.8786      -0.571491         1.0011        2.37104       -4.67706
527         1.0011        3.88891      -0.570885         1.0011        2.37503       -4.69196
528         1.0011        3.89925      -0.570279         1.0011          2.379       -4.70687
529         1.0011        3.90963      -0.569674         1.0011        2.38293       -4.72179
530         1.0011        3.92005      -0.569069         1.0011        2.38683       -4.73671
531         1.0011         3.9305      -0.568465         1.0011        2.39071       -4.75164
532         1.0011        3.94098      -0.567861         1.0011        2.39455       -4.76658
533         1.0011        3.95151      -0.567259         1.0011        2.39836       -4.78152
534         1.0011        3.96206      -0.566656         1.0011        2.40215       -4.79646
535         1.0011        3.97266      -0.566055         1.0011         2.4059       -4.81141
536         1.0011        3.98329      -0.565454         1.0011        2.40963       -4.82636
537         1.0011        3.99396      -0.564853         1.0011        2.41332       -4.84132
538         1.0011        4.00466      -0.564253         1.0011        2.41698       -4.85629
539         1.0011        4.01539      -0.563654         1.0011        2.42061       -4.87126
540         1.0011        4.02617      -0.563055         1.0011        2.42421       -4.88623
541         1.0011        4.03698      -0.562457         1.0011        2.42778        -4.9012
542         1.0011        4.04782       -0.56186         1.0011        2.43132       -4.91618
543         1.0011         4.0587      -0.561263         1.0011        2.43483       -4.93117
544         1.0011        4.06961      -0.560667         1.0011         2.4383       -4.94616
545         1.0011        4.08056      -0.560071         1.0011        2.44175       -4.96115
546         1.0011        4.09155      -0.559476         1.0011        2.44516       -4.97614
547         1.0011        4.10257      -0.558881         1.0011        2.44854       -4.99114
548         1.0011        4.11363      -0.558287         1.0011        2.45189       -5.00613
549         1.0011        4.12472      -0.557694         1.0011        2.45521       -5.02114
550         1.0011        4.13585      -0.557101         1.0011        2.45849       -5.03614
551         1.0011        4.14701      -0.556509         1.0011        2.46174       -5.05114
552         1.0011        4.15821      -0.555917         1.0011        2.46496       -5.06615
553         1.0011        4.16944      -0.555326         1.0011        2.46815       -5.08116
554         1.0011        4.18071      -0.554735         1.0011         2.4713       -5.09617
555         1.0011        4.19201      -0.554145         1.0011        2.47442       -5.11119
556         1.0011        4.20334      -0.553556         1.0011        2.47751        -5.1262
557         1.0011        4.21472      -0.552967         1.0011        2.48056       -5.14121
558         1.0011        4.22612      -0.552379         1.0011        2.48358       -5.15623
559         1.0011        4.23756      -0.551791         1.0011        2.48657       -5.17125
560         1.0011        4.24904      -0.551204         1.0011        2.48953       -5.18626
561         1.0011        4.26055      -0.550617         1.0011        2.49245       -5.20128
562         1.0011        4.27209      -0.550031         1.0011        2.49533        -5.2163
563         1.0011        4.28367      -0.549446         1.0011        2.49819       -5.23131
564         1.0011        4.29528      -0.548861         1.0011        2.50101       -5.24633
565         1.0011        4.30693      -0.548277         1.0011        2.50379       -5.26135
566         1.0011        4.31861      -0.547693         1.0011        2.50654       -5.27636
567         1.0011        4.33033       -0.54711         1.0011        2.50926       -5.29138
568         1.0011        4.34207      -0.546527         1.0011        2.51194       -5.30639
569         1.0011        4.35386      -0.545945         1.0011        2.51459       -5.32141
570         1.0011        4.36567      -0.545363         1.0011         2.5172       -5.33642
571         1.0011        4.37752      -0.544782         1.0011        2.51978       -5.35143
572         1.0011         4.3894      -0.544202         1.0011        2.52233       -5.36643
573         1.0011        4.40132      -0.543622         1.0011        2.52484       -5.38144
574         1.0011        4.41327      -0.543042         1.0011        2.52731       -5.39644
575         1.0011        4.42525      -0.542464         1.0011        2.52975       -5.41145
576         1.0011        4.43727      -0.541885         1.0011        2.53216       -5.42644
577         1.0011        4.44931      -0.541307         1.0011        2.53453       -5.44144
578         1.0011        4.46139       -0.54073         1.0011        2.53687       -5.45643
579         1.0011        4.47351      -0.540154         1.0011        2.53917       -5.47142
580         1.0011        4.48565      -0.539577         1.0011        2.54143       -5.48641
581         1.0011        4.49783      -0.539002         1.0011        2.54366       -5.50139
582         1.0011        4.51004      -0.538427         1.0011        2.54586       -5.51637
583         1.0011        4.52228      -0.537852         1.0011        2.54801       -5.53135
584         1.0011        4.53456      -0.537278         1.0011        2.55014       -5.54632
585         1.0011        4.54686      -0.536705         1.0011        2.55223       -5.56129
586         1.0011         4.5592      -0.536132         1.0011        2.55428       -5.57625
587         1.0011        4.57157       -0.53556         1.0011         2.5563       -5.59121
588         1.0011        4.58397      -0.534988         1.0011        2.55828       -5.60616
589         1.0011         4.5964      -0.534417         1.0011        2.56022       -5.62111
590         1.0011        4.60886      -0.533846         1.0011        2.56213       -5.63605
591         1.0011        4.62135      -0.533276         1.0011        2.56401       -5.65099
592         1.0011        4.63388      -0.532706         1.0011        2.56585       -5.66592
593         1.0011        4.64643      -0.532137         1.0011        2.56765       -5.68084
594         1.0011        4.65901      -0.531568         1.0011        2.56942       -5.69576
595         1.0011        4.67163         -0.531         1.0011        2.57115       -5.71068
596         1.0011        4.68427      -0.530432         1.0011        2.57284       -5.72558
597         1.0011        4.69694      -0.529865         1.0011         2.5745       -5.74048
598         1.0011        4.70965      -0.529299         1.0011        2.57613       -5.75538
599         1.0011        4.72238      -0.528733         1.0011        2.57771       -5.77026
600         1.0011        4.73514      -0.528167         1.0011        2.57927       -5.78514
601         1.0011        4.74793      -0.527602         1.0011        2.58078       -5.80001
602         1.0011        4.76075      -0.527038         1.0011        2.58226       -5.81488
603         1.0011         4.7736      -0.526474         1.0011        2.58371       -5.82973
604         1.0011        4.78648      -0.525911         1.0011        2.58511       -5.84458
605         1.0011        4.79938      -0.525348         1.0011        2.58649       -5.85942
606         1.0011        4.81231      -0.524786         1.0011        2.58782       -5.87425
607         1.0011        4.82527      -0.524224         1.0011        2.58912       -5.88907
608         1.0011        4.83826      -0.523662         1.0011        2.59039       -5.90389
609         1.0011        4.85127      -0.523102         1.0011        2.59162       -5.91869
610         1.0011        4.86432      -0.522541         1.0011        2.59281       -5.93349
611         1.0011        4.87739      -0.521982         1.0011        2.59397       -5.94827
612         1.0011        4.89048      -0.521423         1.0011        2.59509       -5.96305
613         1.0011         4.9036      -0.520864         1.0011        2.59618       -5.97782
614         1.0011        4.91675      -0.520306         1.0011        2.59723       -5.99257
615         1.0011        4.92992      -0.519748         1.0011        2.59824       -6.00732
616         1.0011        4.94312      -0.519191         1.0011        2.59922       -6.02206
617         1.0011        4.95635      -0.518634         1.0011        2.60017       -6.03678
618         1.0011         4.9696      -0.518078         1.0011        2.60108        -6.0515
619         1.0011        4.98287      -0.517523         1.0011        2.60195        -6.0662
620         1.0011        4.99617      -0.516968         1.0011        2.60279       -6.08089
621         1.0011         5.0095      -0.516413         1.0011        2.60359       -6.09557
622         1.0011        5.02284      -0.515859         1.0011        2.60436       -6.11024
623         1.0011        5.03622      -0.515306         1.0011        2.60509        -6.1249
624         1.0011        5.04961      -0.514753         1.0011        2.60579       -6.13955
625         1.0011        5.06303        -0.5142         1.0011        2.60645       -6.15418
626         1.0011        5.07647      -0.513648         1.0011        2.60708        -6.1688
627         1.0011        5.08994      -0.513097         1.0011        2.60767       -6.18341
628         1.0011        5.10342      -0.512546         1.0011        2.60823       -6.19801
629         1.0011        5.11693      -0.511996         1.0011        2.60875       -6.21259
630         1.0011        5.13046      -0.511446         1.0011        2.60924       -6.22716
631         1.0011        5.14401      -0.510896         1.0011         2.6097       -6.24172
632         1.0011        5.15759      -0.510348         1.0011        2.61012       -6.25626
633         1.0011        5.17118      -0.509799         1.0011         2.6105       -6.27079
634         1.0011         5.1848      -0.509251         1.0011        2.61086        -6.2853
635         1.0011        5.19843      -0.508704         1.0011        2.61118       -6.29981
636         1.0011        5.21209      -0.508157         1.0011        2.61146       -6.31429
637         1.0011        5.22576      -0.507611         1.0011        2.61171       -6.32876
638         1.0011        5.23946      -0.507065         1.0011        2.61193       -6.34322
639         1.0011        5.25317       -0.50652         1.0011        2.61211       -6.35766
640         1.0011         5.2669      -0.505975         1.0011        2.61226       -6.37209
641         1.0011        5.28065      -0.505431         1.0011        2.61238        -6.3865
642         1.0011        5.29442      -0.504888         1.0011        2.61247        -6.4009
643         1.0011        5.30821      -0.504344         1.0011        2.61252       -6.41528
644         1.0011        5.32201      -0.503802         1.0011        2.61254       -6.42965
645         1.0011        5.33583       -0.50326         1.0011        2.61252         -6.444
646         1.0011        5.34967      -0.502718         1.0011        2.61248       -6.45833
647         1.0011        5.36352      -0.502177         1.0011         2.6124       -6.47265
648         1.0011        5.37739      -0.501636         1.0011        2.61229       -6.48695
649         1.0011        5.39128      -0.501096         1.0011        2.61215       -6.50123
650         1.0011        5.40518      -0.500557         1.0011        2.61198        -6.5155
651         1.0011        5.41909      -0.500018         1.0011        2.61177       -6.52975
652         1.0011        5.43302      -0.499479         1.0011        2.61154       -6.54398
653         1.0011        5.44696      -0.498941         1.0011        2.61127       -6.55819
654         1.0011        5.46092      -0.498404         1.0011        2.61097       -6.57239
655         1.0011        5.47489      -0.497867         1.0011        2.61064       -6.58657
656         1.0011        5.48887       -0.49733         1.0011        2.61028       -6.60073
657         1.0011        5.50287      -0.496794         1.0011        2.60989       -6.61487
658         1.0011        5.51688      -0.496259         1.0011        2.60947       -6.62899
659         1.0011         5.5309      -0.495724         1.0011        2.60902        -6.6431
660         1.0011        5.54493       -0.49519         1.0011        2.60854       -6.65718
661         1.0011        5.55897      -0.494656         1.0011        2.60804       -6.67125
662         1.0011        5.57302      -0.494123         1.0011         2.6075        -6.6853
663         1.0011        5.58708       -0.49359         1.0011        2.60693       -6.69932
664         1.0011        5.60115      -0.493057         1.0011        2.60634       -6.71333
665         1.0011        5.61523      -0.492526         1.0011        2.60571       -6.72732
666         1.0011        5.62932      -0.491994         1.0011        2.60506       -6.74129
667         1.0011        5.64342      -0.491464         1.0011        2.60438       -6.75524
668         1.0011        5.65753      -0.490934         1.0011        2.60367       -6.76917
669         1.0011        5.67164      -0.490404         1.0011        2.60294       -6.78307
670         1.0011        5.68576      -0.489875         1.0011        2.60218       -6.79696
671         1.0011        5.69989      -0.489346         1.0011        2.60139       -6.81083
672         1.0011        5.71402      -0.488818         1.0011        2.60057       -6.82467
673         1.0011        5.72816       -0.48829         1.0011        2.59973        -6.8385
674         1.0011         5.7423      -0.487763         1.0011        2.59886        -6.8523
675         1.0011        5.75645      -0.487237         1.0011        2.59797       -6.86608
676         1.0011         5.7706      -0.486711         1.0011        2.59705       -6.87984
677         1.0011        5.78476      -0.486185         1.0011         2.5961       -6.89358
678         1.0011        5.79892       -0.48566         1.0011        2.59514       -6.90729
679         1.0011        5.81308      -0.485136         1.0011        2.59414       -6.92098
680         1.0011        5.82724      -0.484612         1.0011        2.59312       -6.93465
681         1.0011        5.84141      -0.484089         1.0011        2.59208        -6.9483
682         1.0011        5.85558      -0.483566         1.0011        2.59102       -6.96193
683         1.0011        5.86975      -0.483043         1.0011        2.58993       -6.97553
684         1.0011        5.88392      -0.482522         1.0011        2.58881       -6.98911
685         1.0011        5.89808         -0.482         1.0011        2.58768       -7.00266
686         1.0011        5.91225       -0.48148         1.0011        2.58652       -7.01619
687         1.0011        5.92642      -0.480959         1.0011        2.58534        -7.0297
688         1.0011        5.94059       -0.48044         1.0011        2.58414       -7.04319
689         1.0011        5.95475      -0.479921         1.0011        2.58292       -7.05665
690         1.0011        5.96891      -0.479402         1.0011        2.58168       -7.07008
691         1.0011        5.98307      -0.478884         1.0011        2.58041        -7.0835
692         1.0011        5.99722      -0.478366         1.0011        2.57913       -7.09688
693         1.0011        6.01137      -0.477849         1.0011        2.57782       -7.11025
694         1.0011        6.02552      -0.477333         1.0011         2.5765       -7.12358
695         1.0011        6.03965      -0.476817         1.0011        2.57516        -7.1369
696         1.0011        6.05379      -0.476302         1.0011         2.5738       -7.15018
697         1.0011        6.06792      -0.475787         1.0011        2.57242       -7.16345
698         1.0011        6.08204      -0.475272         1.0011        2.57102       -7.17668
699         1.0011        6.09615      -0.474759         1.0011         2.5696       -7.18989
700         1.0011        6.11025      -0.474245         1.0011        2.56817       -7.20308
701         1.0011        6.12435      -0.473733         1.0011        2.56672       -7.21624
702         1.0011        6.13843       -0.47322         1.0011        2.56526       -7.22937
703         1.0011        6.15251      -0.472709         1.0011        2.56378       -7.24248
704         1.0011        6.16658      -0.472198         1.0011        2.56228       -7.25556
705         1.0011        6.18063      -0.471687         1.0011        2.56077       -7.26861
706         1.0011        6.19468      -0.471177         1.0011        2.55924       -7.28164
707         1.0011        6.20871      -0.470668         1.0011         2.5577       -7.29464
708         1.0011        6.22273      -0.470159         1.0011        2.55614       -7.30761
709         1.0011        6.23674      -0.469651         1.0011        2.55457       -7.32056
710         1.0011        6.25073      -0.469143         1.0011        2.55299       -7.33347
711         1.0011        6.26471      -0.468636         1.0011         2.5514       -7.34636
712         1.0011        6.27867      -0.468129         1.0011        2.54979       -7.35923
713         1.0011        6.29262      -0.467623         1.0011        2.54817       -7.37206
714         1.0011        6.30655      -0.467117         1.0011        2.54654       -7.38487
715         1.0011        6.32046      -0.466612         1.0011         2.5449       -7.39765
716         1.0011        6.33436      -0.466108         1.0011        2.54325        -7.4104
717         1.0011        6.34824      -0.465604         1.0011        2.54159       -7.42312
718         1.0011         6.3621        -0.4651         1.0011        2.53992       -7.43581
719         1.0011        6.37594      -0.464597         1.0011        2.53824       -7.44848
720         1.0011        6.38976      -0.464095         1.0011        2.53655       -7.46111
721         1.0011        6.40356      -0.463593         1.0011        2.53486       -7.47372
722         1.0011        6.41734      -0.463092         1.0011        2.53315        -7.4863
723         1.0011        6.43109      -0.462592         1.0011        2.53144       -7.49884
724         1.0011        6.44483      -0.462092         1.0011        2.52973       -7.51136
725         1.0011        6.45854      -0.461592         1.0011          2.528       -7.52385
726         1.0011        6.47223      -0.461093         1.0011        2.52628       -7.53631
727         1.0011        6.48589      -0.460595         1.0011        2.52454       -7.54874
728         1.0011        6.49953      -0.460097         1.0011        2.52281       -7.56114
729         1.0011        6.51314        -0.4596         1.0011        2.52106        -7.5735
730         1.0011        6.52673      -0.459103         1.0011        2.51932       -7.58584
731         1.0011        6.54029      -0.458607         1.0011        2.51757       -7.59815
732         1.0011        6.55382      -0.458111         1.0011        2.51582       -7.61043
733         1.0011        6.56732      -0.457616         1.0011        2.51407       -7.62267
734         1.0011         6.5808      -0.457122         1.0011        2.51231       -7.63489
735         1.0011        6.59424      -0.456628         1.0011        2.51056       -7.64707
736         1.0011        6.60765      -0.456135         1.0011         2.5088       -7.65922
737         1.0011        6.62104      -0.455642         1.0011        2.50705       -7.67134
738         1.0011        6.63439       -0.45515         1.0011        2.50529       -7.68343
739         1.0011        6.64771      -0.454659         1.0011        2.50354       -7.69549
740         1.0011        6.66099      -0.454168         1.0011        2.50179       -7.70752
741         1.0011        6.67425      -0.453677         1.0011        2.50004       -7.71951
742         1.0011        6.68746      -0.453187         1.0011        2.49829       -7.73147
743         1.0011        6.70065      -0.452698         1.0011        2.49655        -7.7434
744         1.0011        6.71379       -0.45221         1.0011        2.49481        -7.7553
745         1.0011         6.7269      -0.451722         1.0011        2.49308       -7.76716
746         1.0011        6.73998      -0.451234         1.0011        2.49135       -7.77899
747         1.0011        6.75301      -0.450747         1.0011        2.48963       -7.79079
748         1.0011        6.76601      -0.450261         1.0011        2.48791       -7.80256
749         1.0011        6.77897      -0.449775         1.0011         2.4862       -7.81429
750         1.0011        6.79188       -0.44929         1.0011         2.4845       -7.82599
751         1.0011        6.80476      -0.448805         1.0011        2.48281       -7.83766
752         1.0011        6.81759      -0.448321         1.0011        2.48112       -7.84929
753         1.0011        6.83039      -0.447838         1.0011        2.47944       -7.86089
754         1.0011        6.84313      -0.447355         1.0011        2.47778       -7.87246
755         1.0011        6.85584      -0.446873         1.0011        2.47612       -7.88399
756         1.0011         6.8685      -0.446391         1.0011        2.47448       -7.89548
757         1.0011        6.88112       -0.44591         1.0011        2.47284       -7.90695
758         1.0011        6.89369       -0.44543         1.0011        2.47122       -7.91838
759         1.0011        6.90621       -0.44495         1.0011        2.46961       -7.92977
760         1.0011        6.91869      -0.444471         1.0011        2.46802       -7.94113
761         1.0011        6.93111      -0.443992         1.0011        2.46644       -7.95246
762         1.0011        6.94349      -0.443514         1.0011        2.46487       -7.96375
763         1.0011        6.95582      -0.443037         1.0011        2.46332         -7.975
764         1.0011         6.9681       -0.44256         1.0011        2.46178       -7.98622
765         1.0011        6.98033      -0.442084         1.0011        2.46026       -7.99741
766         1.0011        6.99251      -0.441608         1.0011        2.45876       -8.00856
767         1.0011        7.00463      -0.441133         1.0011        2.45728       -8.01967
768         1.0011         7.0167      -0.440659         1.0011        2.45581       -8.03075
769         1.0011        7.02872      -0.440185         1.0011        2.45436       -8.04179
770         1.0011        7.04068      -0.439711         1.0011        2.45294        -8.0528
771         1.0011        7.05258      -0.439239         1.0011        2.45153       -8.06377
772         1.0011        7.06443      -0.438767         1.0011        2.45014       -8.07471
773         1.0011        7.07622      -0.438296         1.0011        2.44878       -8.08561
774         1.0011        7.08796      -0.437825         1.0011        2.44744       -8.09647
775         1.0011        7.09963      -0.437355         1.0011        2.44612       -8.10729
776         1.0011        7.11125      -0.436885         1.0011        2.44482       -8.11808
777         1.0011         7.1228      -0.436416         1.0011        2.44355       -8.12883
778         1.0011         7.1343      -0.435948         1.0011         2.4423       -8.13955
779         1.0011        7.14573       -0.43548         1.0011        2.44108       -8.15023
780         1.0011         7.1571      -0.435013         1.0011        2.43988       -8.16087
781         1.0011        7.16841      -0.434547         1.0011        2.43871       -8.17147
782         1.0011        7.17965      -0.434081         1.0011        2.43757       -8.18204
783         1.0011        7.19083      -0.433616         1.0011        2.43645       -8.19256
784         1.0011        7.20194      -0.433151         1.0011        2.43537       -8.20305
785         1.0011        7.21298      -0.432687         1.0011        2.43431       -8.21351
786         1.0011        7.22396      -0.432224         1.0011        2.43328       -8.22392
787         1.0011        7.23487      -0.431761         1.0011        2.43229       -8.23429
788         1.0011        7.24571      -0.431299         1.0011        2.43132       -8.24463
789         1.0011        7.25648      -0.430838         1.0011        2.43039       -8.25493
790         1.0011        7.26718      -0.430377         1.0011        2.42949       -8.26519
791         1.0011        7.27781      -0.429917         1.0011        2.42862       -8.27541
792         1.0011        7.28837      -0.429457         1.0011        2.42779        -8.2856
793         1.0011        7.29885      -0.428998         1.0011        2.42699       -8.29574
794         1.0011        7.30926       -0.42854         1.0011        2.42622       -8.30584
795         1.0011         7.3196      -0.428082         1.0011        2.42549       -8.31591
796         1.0011        7.32986      -0.427625         1.0011         2.4248       -8.32593
797         1.0011        7.34004      -0.427169         1.0011        2.42415       -8.33592
798         1.0011        7.35015      -0.426713         1.0011        2.42353       -8.34586
799         1.0011        7.36018      -0.426258         1.0011        2.42295       -8.35577
800         1.0011        7.37013      -0.425804         1.0011        2.42241       -8.36564
801         1.0011           7.38       -0.42535         1.0011        2.42191       -8.37546
802         1.0011        7.38979      -0.424897         1.0011        2.42145       -8.38525
803         1.0011         7.3995      -0.424445         1.0011        2.42104       -8.39499
804         1.0011        7.40913      -0.423993         1.0011        2.42066        -8.4047
805         1.0011        7.41868      -0.423542         1.0011        2.42033       -8.41436
806         1.0011        7.42814      -0.423091         1.0011        2.42004       -8.42398
807         1.0011        7.43752      -0.422641         1.0011        2.41979       -8.43356
808         1.0011        7.44681      -0.422192         1.0011        2.41959        -8.4431
809         1.0011        7.45601      -0.421744         1.0011        2.41943        -8.4526
810         1.0011        7.46513      -0.421296         1.0011        2.41932       -8.46206
811         1.0011        7.47417      -0.420848         1.0011        2.41925       -8.47147
812         1.0011        7.48311      -0.420402         1.0011        2.41924       -8.48084
813         1.0011        7.49196      -0.419956         1.0011        2.41927       -8.49017
814         1.0011        7.50073      -0.419511         1.0011        2.41934       -8.49946
815         1.0011         7.5094      -0.419066         1.0011        2.41947       -8.50871
816         1.0011        7.51798      -0.418622         1.0011        2.41965       -8.51791
817         1.0011        7.52647      -0.418179         1.0011        2.41988       -8.52707
818         1.0011        7.53487      -0.417736         1.0011        2.42016       -8.53619
819         1.0011        7.54317      -0.417294         1.0011        2.42049       -8.54526
820         1.0011        7.55138      -0.416853         1.0011        2.42087        -8.5543
821         1.0011        7.55949      -0.416413         1.0011        2.42131       -8.56328
822         1.0011         7.5675      -0.415973         1.0011         2.4218       -8.57223
823         1.0011        7.57542      -0.415533         1.0011        2.42234       -8.58113
824         1.0011        7.58324      -0.415095         1.0011        2.42294       -8.58998
825         1.0011        7.59096      -0.414657         1.0011         2.4236        -8.5988
826         1.0011        7.59858       -0.41422         1.0011        2.42431       -8.60756
827         1.0011        7.60609      -0.413783         1.0011        2.42508       -8.61629
828         1.0011        7.61351      -0.413347         1.0011         2.4259       -8.62496
829         1.0011        7.62082      -0.412912         1.0011        2.42679        -8.6336
830         1.0011        7.62803      -0.412478         1.0011        2.42773       -8.64219
831         1.0011        7.63514      -0.412044         1.0011        2.42873       -8.65073
832         1.0011        7.64214      -0.411611         1.0011         2.4298       -8.65923
833         1.0011        7.64904      -0.411178         1.0011        2.43092       -8.66768
834         1.0011        7.65582      -0.410747         1.0011        2.43211       -8.67608
835         1.0011        7.66251      -0.410316         1.0011        2.43335       -8.68444
836         1.0011        7.66908      -0.409885         1.0011        2.43466       -8.69276
837         1.0011        7.67554      -0.409456         1.0011        2.43604       -8.70102
838         1.0011        7.68189      -0.409027         1.0011        2.43748       -8.70924
839         1.0011        7.68814      -0.408598         1.0011        2.43898       -8.71742
840         1.0011        7.69427      -0.408171         1.0011        2.44055       -8.72554
841         1.0011        7.70029      -0.407744         1.0011        2.44218       -8.73362
842         1.0011        7.70619      -0.407318         1.0011        2.44388       -8.74165
843         1.0011        7.71198      -0.406892         1.0011        2.44565       -8.74964
844         1.0011        7.71766      -0.406468         1.0011        2.44748       -8.75757
845         1.0011        7.72322      -0.406043         1.0011        2.44938       -8.76546
846         1.0011        7.72866       -0.40562         1.0011        2.45136        -8.7733
847         1.0011        7.73399      -0.405197         1.0011         2.4534       -8.78109
848         1.0011        7.73919      -0.404775         1.0011        2.45551       -8.78883
849         1.0011        7.74428      -0.404354         1.0011        2.45769       -8.79652
850         1.0011        7.74925      -0.403934         1.0011        2.45994       -8.80416
851         1.0011         7.7541      -0.403514         1.0011        2.46227       -8.81175
852         1.0011        7.75883      -0.403095         1.0011        2.46467        -8.8193
853         1.0011        7.76343      -0.402676         1.0011        2.46714       -8.82679
854         1.0011        7.76791      -0.402259         1.0011        2.46968       -8.83423
855         1.0011        7.77227      -0.401842         1.0011         2.4723       -8.84162
856         1.0011         7.7765      -0.401425         1.0011        2.47499       -8.84896
857         1.0011         7.7806       -0.40101         1.0011        2.47776       -8.85625
858         1.0011        7.78458      -0.400595         1.0011        2.48061       -8.86349
859         1.0011        7.78843      -0.400181         1.0011        2.48353       -8.87068
860         1.0011        7.79216      -0.399767         1.0011        2.48652       -8.87781
861         1.0011        7.79575      -0.399355         1.0011         2.4896        -8.8849
862         1.0011        7.79922      -0.398943         1.0011        2.49275       -8.89193
863         1.0011        7.80255      -0.398532         1.0011        2.49598        -8.8989
864         1.0011        7.80576      -0.398121         1.0011        2.49929       -8.90583
865        1.00072        7.80771      -0.396977        1.00072        2.50268        -8.9127
866        1.00068        7.80655      -0.392515        1.00068        2.50615       -8.91951
867        1.00063        7.80126      -0.384057        1.00063        2.50971       -8.92628
868        1.00058        7.79126      -0.371039        1.00058        2.51335       -8.93299
869        1.00052        7.77593      -0.352835        1.00052        2.51707       -8.93964
870        1.00046        7.75457      -0.328755        1.00046        2.52088       -8.94624
871        1.00039        7.72642      -0.298033        1.00039        2.52479       -8.95279
872        1.00031        7.69064      -0.259833        1.00031        2.52878       -8.95928
873        1.00022        7.64632      -0.213239        1.00022        2.53287       -8.96572
874        1.00013        7.59245      -0.157255        1.00013        2.53704        -8.9721
875        1.00003        7.52796     -0.0908081        1.00003        2.54131       -8.97843
876       0.999923        7.45171     -0.0127472       0.999923        2.54568       -8.98471
877       0.999809        7.36247       0.078148       0.999809        2.55013       -8.99094
878       0.999688        7.25896       0.183157       0.999688        2.55468       -8.99711
879       0.999562        7.13988       0.303604       0.999562        2.55931       -9.00323
880       0.999434        7.00387       0.440832       0.999434        2.56403       -9.00931
881       0.999304        6.84962       0.596173       0.999304        2.56884       -9.01533
882       0.999178        6.67585       0.770907       0.999178        2.57373       -9.02131
883       0.999059         6.4814       0.966207       0.999059        2.57869       -9.02724
884       0.998953        6.26528        1.18308       0.998953        2.58373       -9.03314
885       0.998865        6.02675        1.42227       0.998865        2.58883       -9.03899
886       0.998803        5.76542        1.68418       0.998803          2.594        -9.0448
887       0.998776        5.48135        1.96879       0.998776        2.59922       -9.05058
888       0.998791        5.17517        2.27546       0.998791        2.60448       -9.05633
889       0.998858         4.8482        2.60291       0.998858        2.60979       -9.06205
890       0.998985        4.50257        2.94902       0.998985        2.61514       -9.06774
891       0.999179        4.14132        3.31076       0.999179        2.62051       -9.07341
892       0.999443        3.76852        3.68408       0.999443        2.62591       -9.07907
893        0.99978        3.38927        4.06389        0.99978        2.63134       -9.08471
894        1.00018        3.00973        4.44403        1.00018        2.63678       -9.09035
895        1.00065        2.63701        4.81738        1.00065        2.64224       -9.09599
896        1.00115        2.27904        5.17601        1.00115        2.64772       -9.10162
897        1.00168        1.94429        5.51143        1.00168        2.65322       -9.10726
898        1.00221        1.64147         5.8149        1.00221        2.65875       -9.11291
899        1.00269        1.37908         6.0779        1.00269         2.6643       -9.11858
900        1.00312        1.16499        6.29251        1.00312        2.66987       -9.12426
901        1.00344        1.00596        6.45197        1.00344        2.67547       -9.12995
902        1.00365       0.907217        6.55102        1.00365        2.68109       -9.13567
903        1.00373       0.872098        6.58631        1.00373        2.68674       -9.14141
904        1.00367       0.901818        6.55663        1.00367         2.6924       -9.14718
905        1.00347       0.995388        6.46298        1.00347        2.69806       -9.15296
906        1.00315        1.14968        6.30851        1.00315        2.70372       -9.15877
907        1.00273        1.35966         6.0983        1.00273        2.70937       -9.16459
908        1.00225         1.6187          5.839        1.00225        2.71498       -9.17043
909        1.00173        1.91903        5.53843        1.00173        2.72056       -9.17628
910         1.0012        2.25218        5.20508         1.0012        2.72608       -9.18215
911        1.00069        2.60948        4.84768        1.00069        2.73155       -9.18802
912        1.00022        2.98239        4.47477        1.00022        2.73695       -9.19389
913       0.999812        3.36294        4.09435       0.999812        2.74228       -9.19976
914       0.999469        3.74391        3.71363       0.999469        2.74754       -9.20562
915       0.999199        4.11906        3.33887       0.999199        2.75273       -9.21146
916       0.998999        4.48317        2.97526       0.998999        2.75786       -9.21729
917       0.998868        4.83209        2.62695       0.998868        2.76293        -9.2231
918       0.998796        5.16265        2.29707       0.998796        2.76796       -9.22888
919       0.998778        5.47265        1.98782       0.998778        2.77295       -9.23463
920       0.998803        5.76068        1.70057       0.998803        2.77791       -9.24035
921       0.998863        6.02604        1.43599       0.998863        2.78285       -9.24602
922        0.99895        6.26864        1.19417        0.99895         2.7878       -9.25166
923       0.999056         6.4888       0.974754       0.999056        2.79275       -9.25725
924       0.999175        6.68724       0.777004       0.999175        2.79772       -9.26279
925       0.999302        6.86492       0.599941       0.999302        2.80273       -9.26829
926       0.999432        7.02299       0.442403       0.999432        2.80777       -9.27372
927       0.999562         7.1627       0.303115       0.999562        2.81286       -9.27911
928       0.999689        7.28537       0.180748       0.999689          2.818       -9.28443
929       0.999812        7.39234       0.073956       0.999812        2.82321        -9.2897
930       0.999928        7.48493     -0.0185897       0.999928        2.82849        -9.2949
931        1.00004        7.56442     -0.0981753        1.00004        2.83384       -9.30004
932        1.00014        7.63202      -0.166029        1.00014        2.83927       -9.30512
933        1.00023         7.6889       -0.22331        1.00023        2.84478       -9.31013
934        1.00032        7.73613        -0.2711        1.00032        2.85037       -9.31508
935         1.0004        7.77471      -0.310404         1.0004        2.85605       -9.31996
936        1.00047        7.80556      -0.342147        1.00047        2.86182       -9.32476
937        1.00054        7.82953      -0.367173        1.00054        2.86768        -9.3295
938        1.00059        7.84739      -0.386256        1.00059        2.87363       -9.33417
939        1.00065        7.85984      -0.400093        1.00065        2.87967       -9.33877
940         1.0007        7.86751      -0.409319         1.0007         2.8858       -9.34329
941        1.00074        7.87096      -0.414502        1.00074        2.89203       -9.34775
942        1.00109        7.87116      -0.416281        1.00109        2.89834       -9.35213
943        1.00109        7.86999      -0.417215        1.00109        2.90475       -9.35643
944        1.00109        7.86867      -0.418153        1.00109        2.91124       -9.36067
945        1.00109        7.86718      -0.419094        1.00109        2.91783       -9.36482
946        1.00109        7.86553       -0.42004        1.00109        2.92451       -9.36891
947        1.00109        7.86371      -0.420989        1.00109        2.93129       -9.37291
948        1.00109        7.86173      -0.421942        1.00109        2.93815       -9.37684
949        1.00109        7.85958      -0.422899        1.00109        2.94511       -9.38069
950        1.00109        7.85727      -0.423859        1.00109        2.95216       -9.38447
951        1.00109        7.85479      -0.424824        1.00109         2.9593       -9.38817
952        1.00109        7.85214      -0.425792        1.00109        2.96653       -9.39179
953        1.00109        7.84933      -0.426765        1.00109        2.97386       -9.39533
954        1.00109        7.84634      -0.427741        1.00109        2.98128       -9.39879
955        1.00109        7.84319      -0.428721        1.00109         2.9888       -9.40217
956        1.00109        7.83986      -0.429705        1.00109         2.9964       -9.40546
957        1.00109        7.83636      -0.430693        1.00109        3.00411       -9.40868
958        1.00109        7.83269      -0.431686        1.00109         3.0119       -9.41182
959        1.00109        7.82885      -0.432682        1.00109        3.01979       -9.41487
960        1.00109        7.82484      -0.433682        1.00109        3.02778       -9.41784
961        1.00109        7.82065      -0.434686        1.00109        3.03585       -9.42072
962        1.00109        7.81629      -0.435695        1.00109        3.04403       -9.42352
963        1.00109        7.81175      -0.436707        1.00109        3.05229       -9.42624
964        1.00109        7.80703      -0.437723        1.00109        3.06065       -9.42887
965        1.00109        7.80214      -0.438744        1.00109        3.06911       -9.43141
966        1.00109        7.79708      -0.439768        1.00109        3.07766       -9.43387
967        1.00109        7.79183      -0.440797        1.00109         3.0863       -9.43624
968        1.00109        7.78641       -0.44183        1.00109        3.09503       -9.43852
969        1.00109        7.78081      -0.442867        1.00109        3.10387       -9.44071
970        1.00109        7.77502      -0.443908        1.00109        3.11279       -9.44281
971        1.00109        7.76906      -0.444954        1.00109        3.12181       -9.44483
972        1.00109        7.76292      -0.446003        1.00109        3.13092       -9.44675
973        1.00109         7.7566      -0.447057        1.00109        3.14013       -9.44858
974        1.00109         7.7501      -0.448115        1.00109        3.14943       -9.45032
975        1.00109        7.74341      -0.449177        1.00109        3.15882       -9.45196
976        1.00109        7.73655      -0.450244        1.00109        3.16831       -9.45352
977        1.00109         7.7295      -0.451314        1.00109        3.17788       -9.45497
978        1.00109        7.72227      -0.452389        1.00109        3.18756       -9.45634
979        1.00109        7.71485      -0.453469        1.00109        3.19732       -9.45761
980        1.00109        7.70725      -0.454552        1.00109        3.20718       -9.45878
981        1.00109        7.69947       -0.45564        1.00109        3.21712       -9.45986
982        1.00109         7.6915      -0.456732        1.00109        3.22716       -9.46084
983        1.00109        7.68335      -0.457829        1.00109        3.23729       -9.46172
984        1.00109        7.67501       -0.45893        1.00109        3.24751       -9.46251
985        1.00109        7.66649      -0.460035        1.00109        3.25783       -9.46319
986        1.00109        7.65778      -0.461145        1.00109        3.26823       -9.46378
987        1.00109        7.64889      -0.462259        1.00109        3.27872       -9.46426
988        1.00109        7.63981      -0.463378        1.00109         3.2893       -9.46465
989        1.00109        7.63055      -0.464501        1.00109        3.29997       -9.46493
990        1.00109         7.6211      -0.465628        1.00109        3.31073       -9.46511
991        1.00109        7.61146       -0.46676        1.00109        3.32158       -9.46519
992        1.00109        7.60163      -0.467896        1.00109        3.33251       -9.46516
993        1.00109        7.59162      -0.469037        1.00109        3.34354       -9.46503
994        1.00109        7.58143      -0.470182        1.00109        3.35464        -9.4648
995        1.00109        7.57104      -0.471332        1.00109        3.36584       -9.46446
996        1.00109        7.56047      -0.472486        1.00109        3.37712       -9.46401
997        1.00109        7.54971      -0.473645        1.00109        3.38848       -9.46346
998        1.00109        7.53877      -0.474808        1.00109        3.39993        -9.4628
999        1.00109        7.52764      -0.475976        1.00109        3.41146       -9.46203
1000        1.00109        7.51632      -0.477149        1.00109        3.42307       -9.46116
