1       -10.2281       -10.2281       -1.60083       -10.2281       -10.2281      -0.600829
2       -10.2281       -10.2281       -1.60079       -10.2281       -10.2281      -0.600794
3       -10.2281       -10.2281       -1.60073       -10.2281       -10.2281      -0.600737
4       -10.2281       -10.2281       -1.60064       -10.2281       -10.2281      -0.600656
5       -10.2281       -10.2281       -1.60053       -10.2281       -10.2281      -0.600553
6       -10.2281       -10.2281       -1.60039       -10.2281       -10.2281      -0.600426
7       -10.2281       -10.2281       -1.60023       -10.2281       -10.2281      -0.600277
8       -10.2281       -10.2281       -1.60005       -10.2281       -10.2281      -0.600104
9       -10.2281       -10.2281       -1.59984       -10.2281       -10.2281      -0.599909
10       -10.2281       -10.2281       -1.59961       -10.2281       -10.2281       -0.59969
11       -10.2281       -10.2281       -1.59936       -10.2281       -10.2281      -0.599448
12       -10.2281       -10.2281       -1.59908       -10.2281       -10.2281      -0.599184
13       -10.2281       -10.2281       -1.59878       -10.2281       -10.2281      -0.598896
14       -10.2281       -10.2281       -1.59846       -10.2281       -10.2281      -0.598585
15       -10.2281       -10.2281       -1.59812       -10.2281       -10.2281      -0.598251
16       -10.2281       -10.2281       -1.59776       -10.2281       -10.2281      -0.597894
17       -10.2281       -10.2281       -1.59738       -10.2281       -10.2281      -0.597514
18       -10.2281       -10.2281       -1.59698       -10.2281       -10.2281      -0.597111
19       -10.2281       -10.2281       -1.59656       -10.2281       -10.2281      -0.596684
20       -10.2281       -10.2281       -1.59613       -10.2281       -10.2281      -0.596235
21       -10.2281       -10.2281       -1.59568       -10.2281       -10.2281      -0.595762
22       -10.2281       -10.2281       -1.59521       -10.2281       -10.2281      -0.595267
23       -10.2281       -10.2281       -1.59472       -10.2281       -10.2281      -0.594748
24       -10.2281       -10.2281       -1.59423       -10.2281       -10.2281      -0.594206
25       -10.2281       -10.2281       -1.59371       -10.2281       -10.2281      -0.593641
26       -10.2281       -10.2281       -1.59319       -10.2281       -10.2281      -0.593053
27       -10.2281       -10.2281       -1.59265       -10.2281       -10.2281      -0.592442
28       -10.2281       -10.2281       -1.59209       -10.2281       -10.2281      -0.591808
29       -10.2281       -10.2281       -1.59153       -10.2281       -10.2281      -0.591151
30       -10.2281       -10.2281       -1.59096       -10.2281       -10.2281      -0.590472
31       -10.2281       -10.2281       -1.59037       -10.2281       -10.2281      -0.589769
32       -10.2281       -10.2281       -1.58978       -10.2281       -10.2281      -0.589043
33       -10.2281       -10.2281       -1.58918       -10.2281       -10.2281      -0.588295
34       -10.2281       -10.2281       -1.58857       -10.2281       -10.2281      -0.587524
35       -10.2281       -10.2281       -1.58795       -10.2281       -10.2281       -0.58673
36       -10.2281       -10.2281       -1.58733       -10.2281       -10.2281      -0.585913
37       -10.2281       -10.2281        -1.5867       -10.2281       -10.2281      -0.585075
38       -10.2281       -10.2281       -1.58607       -10.2281       -10.2281      -0.584213
39       -10.2281       -10.2281       -1.58543       -10.2281       -10.2281      -0.583329
40       -10.2281       -10.2281       -1.58479       -10.2281       -10.2281      -0.582423
41       -10.2281       -10.2281       -1.58414       -10.2281       -10.2281      -0.581495
42       -10.2281       -10.2281        -1.5835       -10.2281       -10.2281      -0.580545
43       -10.2281       -10.2281       -1.58285       -10.2281       -10.2281      -0.579573
44       -10.2281       -10.2281       -1.58219       -10.2281       -10.2281      -0.578579
45       -10.2281       -10.2281       -1.58154       -10.2281       -10.2281      -0.577564
46       -10.2281       -10.2281       -1.58088       -10.2281       -10.2281      -0.576527
47       -10.2281       -10.2281       -1.58023       -10.2281       -10.2281      -0.575468
48       -10.2281       -10.2281       -1.57958       -10.2281       -10.2281      -0.574389
49       -10.2281       -10.2281       -1.57892       -10.2281       -10.2281      -0.573288
50       -10.2281       -10.2281       -1.57827       -10.2281       -10.2281      -0.572167
51       -10.2281       -10.2281       -1.57762       -10.2281       -10.2281      -0.571025
52       -10.2281       -10.2281       -1.57697       -10.2281       -10.2281      -0.569862
53       -10.2281       -10.2281       -1.57632       -10.2281       -10.2281      -0.568679
54       -10.2281       -10.2281       -1.57567       -10.2281       -10.2281      -0.567476
55       -10.2281       -10.2281       -1.57503       -10.2281       -10.2281      -0.566253
56       -10.2281       -10.2281       -1.57439       -10.2281       -10.2281      -0.565011
57       -10.2281       -10.2281       -1.57375       -10.2281       -10.2281      -0.563749
58       -10.2281       -10.2281       -1.57312       -10.2281       -10.2281      -0.562468
59       -10.2281       -10.2281       -1.57249       -10.2281       -10.2281      -0.561168
60       -10.2281       -10.2281       -1.57187       -10.2281       -10.2281       -0.55985
61       -10.2281       -10.2281       -1.57124       -10.2281       -10.2281      -0.558513
62       -10.2281       -10.2281       -1.57063       -10.2281       -10.2281      -0.557157
63       -10.2281       -10.2281       -1.57001       -10.2281       -10.2281      -0.555784
64       -10.2281       -10.2281        -1.5694       -10.2281       -10.2281      -0.554393
65       -10.2281       -10.2281        -1.5688       -10.2281       -10.2281      -0.552985
66       -10.2281       -10.2281        -1.5682       -10.2281       -10.2281      -0.551559
67       -10.2281       -10.2281       -1.56761       -10.2281       -10.2281      -0.550117
68       -10.2281       -10.2281       -1.56702       -10.2281       -10.2281      -0.548658
69       -10.2281       -10.2281       -1.56643       -10.2281       -10.2281      -0.547183
70       -10.2281       -10.2281       -1.56585       -10.2281       -10.2281      -0.545692
71       -10.2281       -10.2281       -1.56528       -10.2281       -10.2281      -0.544185
72       -10.2281       -10.2281       -1.56471       -10.2281       -10.2281      -0.542662
73       -10.2281       -10.2281       -1.56415       -10.2281       -10.2281      -0.541125
74       -10.2281       -10.2281       -1.56359       -10.2281       -10.2281      -0.539573
75       -10.2281       -10.2281       -1.56303       -10.2281       -10.2281      -0.538006
76       -10.2281       -10.2281       -1.56248       -10.2281       -10.2281      -0.536425
77       -10.2281       -10.2281       -1.56194       -10.2281       -10.2281       -0.53483
78       -10.2281       -10.2281        -1.5614       -10.2281       -10.2281      -0.533221
79       -10.2281       -10.2281       -1.56087       -10.2281       -10.2281      -0.531599
80       -10.2281       -10.2281       -1.56034       -10.2281       -10.2281      -0.529964
81       -10.2281       -10.2281       -1.55981       -10.2281       -10.2281      -0.528316
82       -10.2281       -10.2281       -1.55929       -10.2281       -10.2281      -0.526656
83       -10.2281       -10.2281       -1.55878       -10.2281       -10.2281      -0.524984
84       -10.2281       -10.2281       -1.55827       -10.2281       -10.2281        -0.5233
85       -10.2281       -10.2281       -1.55776       -10.2281       -10.2281      -0.521604
86       -10.2281       -10.2281       -1.55726       -10.2281       -10.2281      -0.519897
87       -10.2281       -10.2281       -1.55677       -10.2281       -10.2281      -0.518179
88       -10.2281       -10.2281       -1.55627       -10.2281       -10.2281       -0.51645
89       -10.2281       -10.2281       -1.55579       -10.2281       -10.2281      -0.514711
90       -10.2281       -10.2281        -1.5553       -10.2281       -10.2281      -0.512961
91       -10.2281       -10.2281       -1.55482       -10.2281       -10.2281      -0.511202
92       -10.2281       -10.2281       -1.55435       -10.2281       -10.2281      -0.509434
93       -10.2281       -10.2281       -1.55387       -10.2281       -10.2281      -0.507656
94       -10.2281       -10.2281       -1.55341       -10.2281       -10.2281      -0.505869
95       -10.2281       -10.2281       -1.55294       -10.2281       -10.2281      -0.504073
96       -10.2281       -10.2281       -1.55248       -10.2281       -10.2281      -0.502269
97       -10.2281       -10.2281       -1.55202       -10.2281       -10.2281      -0.500456
98       -10.2281       -10.2281       -1.55157       -10.2281       -10.2281      -0.498636
99       -10.2281       -10.2281       -1.55112       -10.2281       -10.2281      -0.496808
100       -10.2281       -10.2281       -1.55067       -10.2281       -10.2281      -0.494972
101       -10.2281       -10.2281       -1.55023       -10.2281       -10.2281      -0.493129
102       -10.2281       -10.2281       -1.54979       -10.2281       -10.2281      -0.491279
103       -10.2281       -10.2281       -1.54935       -10.2281       -10.2281      -0.489423
104       -10.2281       -10.2281       -1.54891       -10.2281       -10.2281       -0.48756
105       -10.2281       -10.2281       -1.54848       -10.2281       -10.2281      -0.485691
106       -10.2281       -10.2281       -1.54805       -10.2281       -10.2281      -0.483816
107       -10.2281       -10.2281       -1.54762       -10.2281       -10.2281      -0.481934
108       -10.2281       -10.2281        -1.5472       -10.2281       -10.2281      -0.480048
109       -10.2281       -10.2281       -1.54678       -10.2281       -10.2281      -0.478156
110       -10.2281       -10.2281       -1.54636       -10.2281       -10.2281      -0.476258
111       -10.2281       -10.2281       -1.54594       -10.2281       -10.2281      -0.474356
112       -10.2281       -10.2281       -1.54552       -10.2281       -10.2281      -0.472449
113       -10.2281       -10.2281       -1.54511       -10.2281       -10.2281      -0.470538
114       -10.2281       -10.2281       -1.54469       -10.2281       -10.2281      -0.468622
115       -10.2281       -10.2281       -1.54428       -10.2281       -10.2281      -0.466702
116       -10.2281       -10.2281       -1.54387       -10.2281       -10.2281      -0.464778
117       -10.2281       -10.2281       -1.54347       -10.2281       -10.2281       -0.46285
118       -10.2281       -10.2281       -1.54306       -10.2281       -10.2281      -0.460918
119       -10.2281       -10.2281       -1.54265       -10.2281       -10.2281      -0.458983
120       -10.2281       -10.2281       -1.54225       -10.2281       -10.2281      -0.457045
121       -10.2281       -10.2281       -1.54185       -10.2281       -10.2281      -0.455104
122       -10.2281       -10.2281       -1.54145       -10.2281       -10.2281      -0.453159
123       -10.2281       -10.2281       -1.54105       -10.2281       -10.2281      -0.451212
124       -10.2281       -10.2281       -1.54065       -10.2281       -10.2281      -0.449262
125       -10.2281       -10.2281       -1.54026       -10.2281       -10.2281       -0.44731
126       -10.2281       -10.2281       -1.53986       -10.2281       -10.2281      -0.445355
127       -10.2281       -10.2281       -1.53946       -10.2281       -10.2281      -0.443398
128       -10.2281       -10.2281       -1.53907       -10.2281       -10.2281      -0.441439
129       -10.2281       -10.2281       -1.53868       -10.2281       -10.2281      -0.439478
130       -10.2281       -10.2281       -1.53829       -10.2281       -10.2281      -0.437515
131       -10.2281       -10.2281       -1.53789       -10.2281       -10.2281       -0.43555
132       -10.2281       -10.2281        -1.5375       -10.2281       -10.2281      -0.433584
133       -10.2281       -10.2281       -1.53711       -10.2281       -10.2281      -0.431616
134       -10.2281       -10.2281       -1.53672       -10.2281       -10.2281      -0.429647
135       -10.2281       -10.2281       -1.53633       -10.2281       -10.2281      -0.427677
136       -10.2281       -10.2281       -1.53594       -10.2281       -10.2281      -0.425706
137       -10.2281       -10.2281       -1.53554       -10.2281       -10.2281      -0.423733
138       -10.2281       -10.2281       -1.53515       -10.2281       -10.2281       -0.42176
139       -10.2281       -10.2281       -1.53476       -10.2281       -10.2281      -0.419786
140       -10.2281       -10.2281       -1.53437       -10.2281       -10.2281      -0.417811
141       -10.2281       -10.2281       -1.53397       -10.2281       -10.2281      -0.415836
142       -10.2281       -10.2281       -1.53358       -10.2281       -10.2281       -0.41386
143       -10.2281       -10.2281       -1.53318       -10.2281       -10.2281      -0.411884
144       -10.2281       -10.2281       -1.53279       -10.2281       -10.2281      -0.409907
145       -10.2281       -10.2281       -1.53239       -10.2281       -10.2281       -0.40793
146       -10.2281       -10.2281       -1.53199       -10.2281       -10.2281      -0.405953
147       -10.2281       -10.2281       -1.53159       -10.2281       -10.2281      -0.403975
148       -10.2281       -10.2281       -1.53119       -10.2281       -10.2281      -0.401998
149       -10.2281       -10.2281       -1.53079       -10.2281       -10.2281       -0.40002
150       -10.2281       -10.2281       -1.53039       -10.2281       -10.2281      -0.398041
151       -10.2281       -10.2281       -1.52998       -10.2281       -10.2281      -0.396062
152       -10.2281       -10.2281       -1.52958       -10.2281       -10.2281      -0.394083
153       -10.2281       -10.2281       -1.52917       -10.2281       -10.2281      -0.392104
154       -10.2281       -10.2281       -1.52877       -10.2281       -10.2281      -0.390124
155       -10.2281       -10.2281       -1.52836       -10.2281       -10.2281      -0.388144
156       -10.2281       -10.2281       -1.52795       -10.2281       -10.2281      -0.386163
157       -10.2281       -10.2281       -1.52754       -10.2281       -10.2281      -0.384182
158       -10.2281       -10.2281       -1.52713       -10.2281       -10.2281      -0.382201
159       -10.2281       -10.2281       -1.52672       -10.2281       -10.2281       -0.38022
160       -10.2281       -10.2281       -1.52631       -10.2281       -10.2281      -0.378238
161       -10.2281       -10.2281        -1.5259       -10.2281       -10.2281      -0.376255
162       -10.2281       -10.2281       -1.52548       -10.2281       -10.2281      -0.374272
163       -10.2281       -10.2281       -1.52507       -10.2281       -10.2281      -0.372289
164       -10.2281       -10.2281       -1.52465       -10.2281       -10.2281      -0.370305
165       -10.2281       -10.2281       -1.52423       -10.2281       -10.2281      -0.368321
166       -10.2281       -10.2281       -1.52381       -10.2281       -10.2281      -0.366337
167       -10.2281       -10.2281       -1.52339       -10.2281       -10.2281      -0.364352
168       -10.2281       -10.2281       -1.52297       -10.2281       -10.2281      -0.362367
169       -10.2281       -10.2281       -1.52255       -10.2281       -10.2281      -0.360381
170       -10.2281       -10.2281       -1.52213       -10.2281       -10.2281      -0.358394
171       -10.2281       -10.2281       -1.52171       -10.2281       -10.2281      -0.356408
172       -10.2281       -10.2281       -1.52128       -10.2281       -10.2281       -0.35442
173       -10.2281       -10.2281       -1.52086       -10.2281       -10.2281      -0.352433
174       -10.2281       -10.2281       -1.52043       -10.2281       -10.2281      -0.350445
175       -10.2281       -10.2281          -1.52       -10.2281       -10.2281      -0.348456
176       -10.2281       -10.2281       -1.51957       -10.2281       -10.2281      -0.346467
177       -10.2281       -10.2281       -1.51914       -10.2281       -10.2281      -0.344477
178       -10.2281       -10.2281       -1.51871       -10.2281       -10.2281      -0.342487
179       -10.2281       -10.2281       -1.51828       -10.2281       -10.2281      -0.340496
180       -10.2281       -10.2281       -1.51785       -10.2281       -10.2281      -0.338505
181       -10.2281       -10.2281       -1.51742       -10.2281       -10.2281      -0.336513
182       -10.2281       -10.2281       -1.51698       -10.2281       -10.2281      -0.334521
183       -10.2281       -10.2281       -1.51655       -10.2281       -10.2281      -0.332528
184       -10.2281       -10.2281       -1.51611       -10.2281       -10.2281      -0.330534
185       -10.2281       -10.2281       -1.51567       -10.2281       -10.2281       -0.32854
186       -10.2281       -10.2281       -1.51524       -10.2281       -10.2281      -0.326546
187       -10.2281       -10.2281        -1.5148       -10.2281       -10.2281       -0.32455
188       -10.2281       -10.2281       -1.51436       -10.2281       -10.2281      -0.322555
189       -10.2281       -10.2281       -1.51391       -10.2281       -10.2281      -0.320558
190       -10.2281       -10.2281       -1.51347       -10.2281       -10.2281      -0.318561
191       -10.2281       -10.2281       -1.51303       -10.2281       -10.2281      -0.316564
192       -10.2281       -10.2281       -1.51258       -10.2281       -10.2281      -0.314566
193       -10.2281       -10.2281       -1.51214       -10.2281       -10.2281      -0.312567
194       -10.2281       -10.2281       -1.51169       -10.2281       -10.2281      -0.310567
195       -10.2281       -10.2281       -1.51125       -10.2281       -10.2281      -0.308567
196       -10.2281       -10.2281        -1.5108       -10.2281       -10.2281      -0.306566
197       -10.2281       -10.2281       -1.51035       -10.2281       -10.2281      -0.304565
198       -10.2281       -10.2281        -1.5099       -10.2281       -10.2281      -0.302563
199       -10.2281       -10.2281       -1.50945       -10.2281       -10.2281       -0.30056
200       -10.2281       -10.2281       -1.50899       -10.2281       -10.2281      -0.298557
201       -10.2281       -10.2281       -1.50854       -10.2281       -10.2281      -0.296553
202       -10.2281       -10.2281       -1.50809       -10.2281       -10.2281      -0.294548
203       -10.2281       -10.2281       -1.50763       -10.2281       -10.2281      -0.292543
204       -10.2281       -10.2281       -1.50718       -10.2281       -10.2281      -0.290537
205       -10.2281       -10.2281       -1.50672       -10.2281       -10.2281       -0.28853
206       -10.2281       -10.2281       -1.50626       -10.2281       -10.2281      -0.286522
207       -10.2281       -10.2281        -1.5058       -10.2281       -10.2281      -0.284514
208       -10.2281       -10.2281       -1.50534       -10.2281       -10.2281      -0.282505
209       -10.2281       -10.2281       -1.50488       -10.2281       -10.2281      -0.280495
210       -10.2281       -10.2281       -1.50442       -10.2281       -10.2281      -0.278485
211       -10.2281       -10.2281       -1.50395       -10.2281       -10.2281      -0.276473
212       -10.2281       -10.2281       -1.50349       -10.2281       -10.2281      -0.274461
213       -10.2281       -10.2281       -1.50302       -10.2281       -10.2281      -0.272448
214       -10.2281       -10.2281       -1.50256       -10.2281       -10.2281      -0.270435
215       -10.2281       -10.2281       -1.50209       -10.2281       -10.2281      -0.268421
216       -10.2281       -10.2281       -1.50162       -10.2281       -10.2281      -0.266405
217       -10.2281       -10.2281       -1.50115       -10.2281       -10.2281      -0.264389
218       -10.2281       -10.2281       -1.50068       -10.2281       -10.2281      -0.262373
219       -10.2281       -10.2281       -1.50021       -10.2281       -10.2281      -0.260355
220       -10.2281       -10.2281       -1.49974       -10.2281       -10.2281      -0.258337
221       -10.2281       -10.2281       -1.49927       -10.2281       -10.2281      -0.256318
222       -10.2281       -10.2281       -1.49879       -10.2281       -10.2281      -0.254298
223       -10.2281       -10.2281       -1.49832       -10.2281       -10.2281      -0.252277
224       -10.2281       -10.2281       -1.49784       -10.2281       -10.2281      -0.250255
225       -10.2281       -10.2281       -1.49736       -10.2281       -10.2281      -0.248232
226       -10.2281       -10.2281       -1.49689       -10.2281       -10.2281      -0.246209
227       -10.2281       -10.2281       -1.49641       -10.2281       -10.2281      -0.244185
228       -10.2281       -10.2281       -1.49593       -10.2281       -10.2281       -0.24216
229       -10.2281       -10.2281       -1.49545       -10.2281       -10.2281      -0.240133
230       -10.2281       -10.2281       -1.49496       -10.2281       -10.2281      -0.238107
231       -10.2281       -10.2281       -1.49448       -10.2281       -10.2281      -0.236079
232       -10.2281       -10.2281         -1.494       -10.2281       -10.2281       -0.23405
233       -10.2281       -10.2281       -1.49351       -10.2281       -10.2281       -0.23202
234       -10.2281       -10.2281       -1.49303       -10.2281       -10.2281       -0.22999
235       -10.2281       -10.2281       -1.49254       -10.2281       -10.2281      -0.227958
236       -10.2281       -10.2281       -1.49205       -10.2281       -10.2281      -0.225926
237       -10.2281       -10.2281       -1.49156       -10.2281       -10.2281      -0.223892
238       -10.2281       -10.2281       -1.49107       -10.2281       -10.2281      -0.221858
239       -10.2281       -10.2281       -1.49058       -10.2281       -10.2281      -0.219823
240       -10.2281       -10.2281       -1.49009       -10.2281       -10.2281      -0.217786
241       -10.2281       -10.2281       -1.48959       -10.2281       -10.2281      -0.215749
242       -10.2281       -10.2281        -1.4891       -10.2281       -10.2281      -0.213711
243       -10.2281       -10.2281        -1.4886       -10.2281       -10.2281      -0.211672
244       -10.2281       -10.2281       -1.48811       -10.2281       -10.2281      -0.209631
245       -10.2281       -10.2281       -1.48761       -10.2281       -10.2281       -0.20759
246       -10.2281       -10.2281       -1.48711       -10.2281       -10.2281      -0.205548
247       -10.2281       -10.2281       -1.48661       -10.2281       -10.2281      -0.203505
248       -10.2281       -10.2281       -1.48611       -10.2281       -10.2281       -0.20146
249       -10.2281       -10.2281       -1.48561       -10.2281       -10.2281      -0.199415
250       -10.2281       -10.2281       -1.48511       -10.2281       -10.2281      -0.197369
251       -10.2281       -10.2281       -1.48461       -10.2281       -10.2281      -0.195321
252       -10.2281       -10.2281        -1.4841       -10.2281       -10.2281      -0.193273
253       -10.2281       -10.2281        -1.4836       -10.2281       -10.2281      -0.191223
254       -10.2281       -10.2281       -1.48309       -10.2281       -10.2281      -0.189173
255       -10.2281       -10.2281       -1.48258       -10.2281       -10.2281      -0.187121
256       -10.2281       -10.2281       -1.48207       -10.2281       -10.2281      -0.185068
257       -10.2281       -10.2281       -1.48157       -10.2281       -10.2281      -0.183014
258       -10.2281       -10.2281       -1.48106       -10.2281       -10.2281      -0.180959
259       -10.2281       -10.2281       -1.48054       -10.2281       -10.2281      -0.178903
260       -10.2281       -10.2281       -1.48003       -10.2281       -10.2281      -0.176846
261       -10.2281       -10.2281       -1.47952       -10.2281       -10.2281      -0.174788
262       -10.2281       -10.2281         -1.479       -10.2281       -10.2281      -0.172728
263       -10.2281       -10.2281       -1.47849       -10.2281       -10.2281      -0.170668
264       -10.2281       -10.2281       -1.47797       -10.2281       -10.2281      -0.168606
265       -10.2281       -10.2281       -1.47745       -10.2281       -10.2281      -0.166543
266       -10.2281       -10.2281       -1.47694       -10.2281       -10.2281      -0.164479
267       -10.2281       -10.2281       -1.47642       -10.2281       -10.2281      -0.162414
268       -10.2281       -10.2281        -1.4759       -10.2281       -10.2281      -0.160347
269       -10.2281       -10.2281       -1.47537       -10.2281       -10.2281       -0.15828
270       -10.2281       -10.2281       -1.47485       -10.2281       -10.2281      -0.156211
271       -10.2281       -10.2281       -1.47433       -10.2281       -10.2281      -0.154141
272       -10.2281       -10.2281        -1.4738       -10.2281       -10.2281       -0.15207
273       -10.2281       -10.2281       -1.47328       -10.2281       -10.2281      -0.149997
274       -10.2281       -10.2281       -1.47275       -10.2281       -10.2281      -0.147923
275       -10.2281       -10.2281       -1.47222       -10.2281       -10.2281      -0.145849
276       -10.2281       -10.2281       -1.47169       -10.2281       -10.2281      -0.143772
277       -10.2281       -10.2281       -1.47116       -10.2281       -10.2281      -0.141695
278       -10.2281       -10.2281       -1.47063       -10.2281       -10.2281      -0.139616
279       -10.2281       -10.2281        -1.4701       -10.2281       -10.2281      -0.137537
280       -10.2281       -10.2281       -1.46957       -10.2281       -10.2281      -0.135455
281       -10.2281       -10.2281       -1.46903       -10.2281       -10.2281      -0.133373
282       -10.2281       -10.2281        -1.4685       -10.2281       -10.2281      -0.131289
283       -10.2281       -10.2281       -1.46796       -10.2281       -10.2281      -0.129204
284       -10.2281       -10.2281       -1.46742       -10.2281       -10.2281      -0.127118
285       -10.2281       -10.2281       -1.46689       -10.2281       -10.2281       -0.12503
286       -10.2281       -10.2281       -1.46635       -10.2281       -10.2281      -0.122941
287       -10.2281       -10.2281       -1.46581       -10.2281       -10.2281      -0.120851
288       -10.2281       -10.2281       -1.46527       -10.2281       -10.2281      -0.118759
289       -10.2281       -10.2281       -1.46472       -10.2281       -10.2281      -0.116666
290       -10.2281       -10.2281       -1.46418       -10.2281       -10.2281      -0.114572
291       -10.2281       -10.2281       -1.46364       -10.2281       -10.2281      -0.112476
292       -10.2281       -10.2281       -1.46309       -10.2281       -10.2281      -0.110379
293       -10.2281       -10.2281       -1.46254       -10.2281       -10.2281      -0.108281
294       -10.2281       -10.2281         -1.462       -10.2281       -10.2281      -0.106181
295       -10.2281       -10.2281       -1.46145       -10.2281       -10.2281       -0.10408
296       -10.2281       -10.2281        -1.4609       -10.2281       -10.2281      -0.101977
297       -10.2281       -10.2281       -1.46035       -10.2281       -10.2281      -0.099873
298       -10.2281       -10.2281       -1.45979       -10.2281       -10.2281     -0.0977676
299       -10.2281       -10.2281       -1.45924       -10.2281       -10.2281     -0.0956607
300       -10.2281       -10.2281       -1.45869       -10.2281       -10.2281     -0.0935524
301       -10.2281       -10.2281       -1.45813       -10.2281       -10.2281     -0.0914427
302       -10.2281       -10.2281       -1.45758       -10.2281       -10.2281     -0.0893315
303       -10.2281       -10.2281       -1.45702       -10.2281       -10.2281     -0.0872189
304       -10.2281       -10.2281       -1.45646       -10.2281       -10.2281     -0.0851048
305       -10.2281       -10.2281        -1.4559       -10.2281       -10.2281     -0.0829892
306       -10.2281       -10.2281       -1.45534       -10.2281       -10.2281     -0.0808722
307       -10.2281       -10.2281       -1.45478       -10.2281       -10.2281     -0.0787536
308       -10.2281       -10.2281       -1.45422       -10.2281       -10.2281     -0.0766336
309       -10.2281       -10.2281       -1.45365       -10.2281       -10.2281     -0.0745121
310       -10.2281       -10.2281       -1.45309       -10.2281       -10.2281      -0.072389
311       -10.2281       -10.2281       -1.45252       -10.2281       -10.2281     -0.0702645
312       -10.2281       -10.2281       -1.45196       -10.2281       -10.2281     -0.0681384
313       -10.2281       -10.2281       -1.45139       -10.2281       -10.2281     -0.0660107
314       -10.2281       -10.2281       -1.45082       -10.2281       -10.2281     -0.0638815
315       -10.2281       -10.2281       -1.45025       -10.2281       -10.2281     -0.0617508
316       -10.2281       -10.2281       -1.44968       -10.2281       -10.2281     -0.0596185
317       -10.2281       -10.2281       -1.44911       -10.2281       -10.2281     -0.0574847
318       -10.2281       -10.2281       -1.44853       -10.2281       -10.2281     -0.0553492
319       -10.2281       -10.2281       -1.44796       -10.2281       -10.2281     -0.0532122
320       -10.2281       -10.2281       -1.44738       -10.2281       -10.2281     -0.0510736
321       -10.2281       -10.2281       -1.44681       -10.2281       -10.2281     -0.0489333
322       -10.2281       -10.2281       -1.44623       -10.2281       -10.2281     -0.0467915
323       -10.2281       -10.2281       -1.44565       -10.2281       -10.2281      -0.044648
324       -10.2281       -10.2281       -1.44507       -10.2281       -10.2281     -0.0425029
325       -10.2281       -10.2281       -1.44449       -10.2281       -10.2281     -0.0403562
326       -10.2281       -10.2281       -1.44391       -10.2281       -10.2281     -0.0382079
327       -10.2281       -10.2281       -1.44333       -10.2281       -10.2281     -0.0360578
328       -10.2281       -10.2281       -1.44274       -10.2281       -10.2281     -0.0339062
329       -10.2281       -10.2281       -1.44216       -10.2281       -10.2281     -0.0317528
330       -10.2281       -10.2281       -1.44157       -10.2281       -10.2281     -0.0295978
331       -10.2281       -10.2281       -1.44098       -10.2281       -10.2281     -0.0274411
332       -10.2281       -10.2281       -1.44039       -10.2281       -10.2281     -0.0252827
333       -10.2281       -10.2281        -1.4398       -10.2281       -10.2281     -0.0231225
334       -10.2281       -10.2281       -1.43921       -10.2281       -10.2281     -0.0209607
335       -10.2281       -10.2281       -1.43862       -10.2281       -10.2281     -0.0187972
336       -10.2281       -10.2281       -1.43803       -10.2281       -10.2281     -0.0166319
337       -10.2281       -10.2281       -1.43744       -10.2281       -10.2281     -0.0144649
338       -10.2281       -10.2281       -1.43684       -10.2281       -10.2281     -0.0122962
339       -10.2281       -10.2281       -1.43624       -10.2281       -10.2281     -0.0101256
340       -10.2281       -10.2281       -1.43565       -10.2281       -10.2281    -0.00795338
341       -10.2281       -10.2281       -1.43505       -10.2281       -10.2281    -0.00577934
342       -10.2281       -10.2281       -1.43445       -10.2281       -10.2281    -0.00360352
343       -10.2281       -10.2281       -1.43385       -10.2281       -10.2281    -0.00142592
344       -10.2281       -10.2281       -1.43325       -10.2281       -10.2281     0.00075348
345       -10.2281       -10.2281       -1.43264       -10.2281       -10.2281     0.00293468
346       -10.2281       -10.2281       -1.43204       -10.2281       -10.2281      0.0051177
347       -10.2281       -10.2281       -1.43143       -10.2281       -10.2281     0.00730254
348       -10.2281       -10.2281       -1.43083       -10.2281       -10.2281     0.00948921
349       -10.2281       -10.2281       -1.43022       -10.2281       -10.2281      0.0116777
350       -10.2281       -10.2281       -1.42961       -10.2281       -10.2281      0.0138681
351       -10.2281       -10.2281         -1.429       -10.2281       -10.2281      0.0160603
352       -10.2281       -10.2281       -1.42839       -10.2281       -10.2281      0.0182544
353       -10.2281       -10.2281       -1.42778       -10.2281       -10.2281      0.0204503
354       -10.2281       -10.2281       -1.42716       -10.2281       -10.2281      0.0226481
355       -10.2281       -10.2281       -1.42655       -10.2281       -10.2281      0.0248479
356       -10.2281       -10.2281       -1.42593       -10.2281       -10.2281      0.0270495
357       -10.2281       -10.2281       -1.42532       -10.2281       -10.2281       0.029253
358       -10.2281       -10.2281        -1.4247       -10.2281       -10.2281      0.0314584
359       -10.2281       -10.2281       -1.42408       -10.2281       -10.2281      0.0336658
360       -10.2281       -10.2281       -1.42346       -10.2281       -10.2281      0.0358751
361       -10.2281       -10.2281       -1.42284       -10.2281       -10.2281      0.0380863
362       -10.2281       -10.2281       -1.42222       -10.2281       -10.2281      0.0402995
363       -10.2281       -10.2281       -1.42159       -10.2281       -10.2281      0.0425147
364       -10.2281       -10.2281       -1.42097       -10.2281       -10.2281      0.0447318
365       -10.2281       -10.2281       -1.42034       -10.2281       -10.2281      0.0469509
366       -10.2281       -10.2281       -1.41972       -10.2281       -10.2281       0.049172
367       -10.2281       -10.2281       -1.41909       -10.2281       -10.2281      0.0513951
368       -10.2281       -10.2281       -1.41846       -10.2281       -10.2281      0.0536202
369       -10.2281       -10.2281       -1.41783       -10.2281       -10.2281      0.0558472
370       -10.2281       -10.2281        -1.4172       -10.2281       -10.2281      0.0580764
371       -10.2281       -10.2281       -1.41656       -10.2281       -10.2281      0.0603075
372       -10.2281       -10.2281       -1.41593       -10.2281       -10.2281      0.0625407
373       -10.2281       -10.2281       -1.41529       -10.2281       -10.2281      0.0647759
374       -10.2281       -10.2281       -1.41466       -10.2281       -10.2281      0.0670132
375       -10.2281       -10.2281       -1.41402       -10.2281       -10.2281      0.0692525
376       -10.2281       -10.2281       -1.41338       -10.2281       -10.2281       0.071494
377       -10.2281       -10.2281       -1.41274       -10.2281       -10.2281      0.0737375
378       -10.2281       -10.2281        -1.4121       -10.2281       -10.2281       0.075983
379       -10.2281       -10.2281       -1.41146       -10.2281       -10.2281      0.0782307
380       -10.2281       -10.2281       -1.41082       -10.2281       -10.2281      0.0804805
381       -10.2281       -10.2281       -1.41017       -10.2281       -10.2281      0.0827325
382       -10.2281       -10.2281       -1.40953       -10.2281       -10.2281      0.0849865
383       -10.2281       -10.2281       -1.40888       -10.2281       -10.2281      0.0872427
384       -10.2281       -10.2281       -1.40823       -10.2281       -10.2281       0.089501
385       -10.2281       -10.2281       -1.40758       -10.2281       -10.2281      0.0917615
386       -10.2281       -10.2281       -1.40693       -10.2281       -10.2281      0.0940241
387       -10.2281       -10.2281       -1.40628       -10.2281       -10.2281      0.0962889
388       -10.2281       -10.2281       -1.40562       -10.2281       -10.2281      0.0985559
389       -10.2281       -10.2281       -1.40497       -10.2281       -10.2281       0.100825
390       -10.2281       -10.2281       -1.40432       -10.2281       -10.2281       0.103096
391       -10.2281       -10.2281       -1.40366       -10.2281       -10.2281        0.10537
392       -10.2281       -10.2281         -1.403       -10.2281       -10.2281       0.107646
393       -10.2281       -10.2281       -1.40234       -10.2281       -10.2281       0.109924
394       -10.2281       -10.2281       -1.40168       -10.2281       -10.2281       0.112204
395       -10.2281       -10.2281       -1.40102       -10.2281       -10.2281       0.114487
396       -10.2281       -10.2281       -1.40036       -10.2281       -10.2281       0.116771
397       -10.2281       -10.2281       -1.39969       -10.2281       -10.2281       0.119058
398       -10.2281       -10.2281       -1.39903       -10.2281       -10.2281       0.121348
399       -10.2281       -10.2281       -1.39836       -10.2281       -10.2281       0.123639
400       -10.2281       -10.2281       -1.39769       -10.2281       -10.2281       0.125933
401       -10.2281       -10.2281       -1.39703       -10.2281       -10.2281       0.128229
402       -10.2281       -10.2281       -1.39636       -10.2281       -10.2281       0.130528
403       -10.2281       -10.2281       -1.39568       -10.2281       -10.2281       0.132828
404       -10.2281       -10.2281       -1.39501       -10.2281       -10.2281       0.135131
405       -10.2281       -10.2281       -1.39434       -10.2281       -10.2281       0.137437
406       -10.2281       -10.2281       -1.39366       -10.2281       -10.2281       0.139745
407       -10.2281       -10.2281       -1.39299       -10.2281       -10.2281       0.142055
408       -10.2281       -10.2281       -1.39231       -10.2281       -10.2281       0.144367
409       -10.2281       -10.2281       -1.39163       -10.2281       -10.2281       0.146682
410       -10.2281       -10.2281       -1.39095       -10.2281       -10.2281       0.148999
411       -10.2281       -10.2281       -1.39027       -10.2281       -10.2281       0.151319
412       -10.2281       -10.2281       -1.38959       -10.2281       -10.2281       0.153641
413       -10.2281       -10.2281        -1.3889       -10.2281       -10.2281       0.155965
414       -10.2281       -10.2281       -1.38822       -10.2281       -10.2281       0.158292
415       -10.2281       -10.2281       -1.38753       -10.2281       -10.2281       0.160621
416       -10.2281       -10.2281       -1.38684       -10.2281       -10.2281       0.162953
417       -10.2281       -10.2281       -1.38616       -10.2281       -10.2281       0.165287
418       -10.2281       -10.2281       -1.38547       -10.2281       -10.2281       0.167623
419       -10.2281       -10.2281       -1.38477       -10.2281       -10.2281       0.169962
420       -10.2281       -10.2281       -1.38408       -10.2281       -10.2281       0.172304
421       -10.2281       -10.2281       -1.38339       -10.2281       -10.2281       0.174648
422       -10.2281       -10.2281       -1.38269       -10.2281       -10.2281       0.176994
423       -10.2281       -10.2281         -1.382       -10.2281       -10.2281       0.179343
424       -10.2281       -10.2281        -1.3813       -10.2281       -10.2281       0.181695
425       -10.2281       -10.2281        -1.3806       -10.2281       -10.2281       0.184049
426       -10.2281       -10.2281        -1.3799       -10.2281       -10.2281       0.186405
427       -10.2281       -10.2281        -1.3792       -10.2281       -10.2281       0.188764
428       -10.2281       -10.2281       -1.37849       -10.2281       -10.2281       0.191126
429       -10.2281       -10.2281       -1.37779       -10.2281       -10.2281        0.19349
430       -10.2281       -10.2281       -1.37709       -10.2281       -10.2281       0.195856
431       -10.2281       -10.2281       -1.37638       -10.2281       -10.2281       0.198226
432       -10.2281       -10.2281       -1.37567       -10.2281       -10.2281       0.200597
433       -10.2281       -10.2281       -1.37496       -10.2281       -10.2281       0.202972
434       -10.2281       -10.2281       -1.37425       -10.2281       -10.2281       0.205349
435       -10.2281       -10.2281       -1.37354       -10.2281       -10.2281       0.207728
436       -10.2281       -10.2281       -1.37283       -10.2281       -10.2281        0.21011
437       -10.2281       -10.2281       -1.37211       -10.2281       -10.2281       0.212495
438       -10.2281       -10.2281        -1.3714       -10.2281       -10.2281       0.214883
439       -10.2281       -10.2281       -1.37068       -10.2281       -10.2281       0.217273
440       -10.2281       -10.2281       -1.36996       -10.2281       -10.2281       0.219665
441       -10.2281       -10.2281       -1.36924       -10.2281       -10.2281       0.222061
442       -10.2281       -10.2281       -1.36852       -10.2281       -10.2281       0.224459
443       -10.2281       -10.2281        -1.3678       -10.2281       -10.2281        0.22686
444       -10.2281       -10.2281       -1.36707       -10.2281       -10.2281       0.229263
445       -10.2281       -10.2281       -1.36635       -10.2281       -10.2281       0.231669
446       -10.2281       -10.2281       -1.36562       -10.2281       -10.2281       0.234078
447       -10.2281       -10.2281       -1.36489       -10.2281       -10.2281       0.236489
448       -10.2281       -10.2281       -1.36416       -10.2281       -10.2281       0.238904
449       -10.2281       -10.2281       -1.36343       -10.2281       -10.2281       0.241321
450       -10.2281       -10.2281        -1.3627       -10.2281       -10.2281        0.24374
451       -10.2281       -10.2281       -1.36197       -10.2281       -10.2281       0.246163
452       -10.2281       -10.2281       -1.36123       -10.2281       -10.2281       0.248588
453       -10.2281       -10.2281        -1.3605       -10.2281       -10.2281       0.251016
454       -10.2281       -10.2281       -1.35976       -10.2281       -10.2281       0.253447
455       -10.2281       -10.2281       -1.35902       -10.2281       -10.2281        0.25588
456       -10.2281       -10.2281       -1.35828       -10.2281       -10.2281       0.258316
457       -10.2281       -10.2281       -1.35754       -10.2281       -10.2281       0.260756
458       -10.2281       -10.2281        -1.3568       -10.2281       -10.2281       0.263197
459       -10.2281       -10.2281       -1.35606       -10.2281       -10.2281       0.265642
460       -10.2281       -10.2281       -1.35531       -10.2281       -10.2281        0.26809
461       -10.2281       -10.2281       -1.35456       -10.2281       -10.2281        0.27054
462       -10.2281       -10.2281       -1.35382       -10.2281       -10.2281       0.272994
463       -10.2281       -10.2281       -1.35307       -10.2281       -10.2281        0.27545
464       -10.2281       -10.2281       -1.35232       -10.2281       -10.2281       0.277909
465       -10.2281       -10.2281       -1.35156       -10.2281       -10.2281        0.28037
466       -10.2281       -10.2281       -1.35081       -10.2281       -10.2281       0.282835
467       -10.2281       -10.2281       -1.35006       -10.2281       -10.2281       0.285303
468       -10.2281       -10.2281        -1.3493       -10.2281       -10.2281       0.287773
469       -10.2281       -10.2281       -1.34854       -10.2281       -10.2281       0.290247
470       -10.2281       -10.2281       -1.34778       -10.2281       -10.2281       0.292723
471       -10.2281       -10.2281       -1.34702       -10.2281       -10.2281       0.295202
472       -10.2281       -10.2281       -1.34626       -10.2281       -10.2281       0.297685
473       -10.2281       -10.2281        -1.3455       -10.2281       -10.2281        0.30017
474       -10.2281       -10.2281       -1.34473       -10.2281       -10.2281       0.302658
475       -10.2281       -10.2281       -1.34397       -10.2281       -10.2281       0.305149
476       -10.2281       -10.2281        -1.3432       -10.2281       -10.2281       0.307643
477       -10.2281       -10.2281       -1.34243       -10.2281       -10.2281        0.31014
478       -10.2281       -10.2281       -1.34166       -10.2281       -10.2281        0.31264
479       -10.2281       -10.2281       -1.34089       -10.2281       -10.2281       0.315143
480       -10.2281       -10.2281       -1.34012       -10.2281       -10.2281       0.317649
481       -10.2281       -10.2281       -1.33934       -10.2281       -10.2281       0.320158
482       -10.2281       -10.2281       -1.33857       -10.2281       -10.2281        0.32267
483       -10.2281       -10.2281       -1.33779       -10.2281       -10.2281       0.325185
484       -10.2281       -10.2281       -1.33701       -10.2281       -10.2281       0.327704
485       -10.2281       -10.2281       -1.33623       -10.2281       -10.2281       0.330225
486       -10.2281       -10.2281       -1.33545       -10.2281       -10.2281       0.332749
487       -10.2281       -10.2281       -1.33467       -10.2281       -10.2281       0.335276
488       -10.2281       -10.2281       -1.33388       -10.2281       -10.2281       0.337807
489       -10.2281       -10.2281        -1.3331       -10.2281       -10.2281        0.34034
490       -10.2281       -10.2281       -1.33231       -10.2281       -10.2281       0.342877
491       -10.2281       -10.2281       -1.33152       -10.2281       -10.2281       0.345416
492       -10.2281       -10.2281       -1.33073       -10.2281       -10.2281       0.347959
493       -10.2281       -10.2281       -1.32994       -10.2281       -10.2281       0.350505
494       -10.2281       -10.2281       -1.32915       -10.2281       -10.2281       0.353054
495       -10.2281       -10.2281       -1.32835       -10.2281       -10.2281       0.355606
496       -10.2281       -10.2281       -1.32755       -10.2281       -10.2281       0.358162
497       -10.2281       -10.2281       -1.32676       -10.2281       -10.2281        0.36072
498       -10.2281       -10.2281       -1.32596       -10.2281       -10.2281       0.363282
499       -10.2281       -10.2281       -1.32516       -10.2281       -10.2281       0.365846
500       -10.2281       -10.2281       -1.32436       -10.2281       -10.2281       0.368414
501       -10.2281       -10.2281       -1.32355       -10.2281       -10.2281       0.370986
502       -10.2281       -10.2281       -1.32275       -10.2281       -10.2281        0.37356
503       -10.2281       -10.2281       -1.32194       -10.2281       -10.2281       0.376137
504       -10.2281       -10.2281       -1.32114       -10.2281       -10.2281       0.378718
505       -10.2281       -10.2281       -1.32033       -10.2281       -10.2281       0.381302
506       -10.2281       -10.2281       -1.31952       -10.2281       -10.2281       0.383889
507       -10.2281       -10.2281        -1.3187       -10.2281       -10.2281        0.38648
508       -10.2281       -10.2281       -1.31789       -10.2281       -10.2281       0.389074
509       -10.2281       -10.2281       -1.31708       -10.2281       -10.2281        0.39167
510       -10.2281       -10.2281       -1.31626       -10.2281       -10.2281       0.394271
511       -10.2281       -10.2281       -1.31544       -10.2281       -10.2281       0.396874
512       -10.2281       -10.2281       -1.31462       -10.2281       -10.2281       0.399481
513       -10.2281       -10.2281        -1.3138       -10.2281       -10.2281       0.402091
514       -10.2281       -10.2281       -1.31298       -10.2281       -10.2281       0.404704
515       -10.2281       -10.2281       -1.31216       -10.2281       -10.2281       0.407321
516       -10.2281       -10.2281       -1.31133       -10.2281       -10.2281       0.409941
517       -10.2281       -10.2281        -1.3105       -10.2281       -10.2281       0.412564
518       -10.2281       -10.2281       -1.30968       -10.2281       -10.2281       0.415191
519       -10.2281       -10.2281       -1.30885       -10.2281       -10.2281       0.417821
520       -10.2281       -10.2281       -1.30801       -10.2281       -10.2281       0.420454
521       -10.2281       -10.2281       -1.30718       -10.2281       -10.2281        0.42309
522       -10.2281       -10.2281       -1.30635       -10.2281       -10.2281        0.42573
523       -10.2281       -10.2281       -1.30551       -10.2281       -10.2281       0.428374
524       -10.2281       -10.2281       -1.30467       -10.2281       -10.2281        0.43102
525       -10.2281       -10.2281       -1.30384       -10.2281       -10.2281        0.43367
526       -10.2281       -10.2281         -1.303       -10.2281       -10.2281       0.436324
527       -10.2281       -10.2281       -1.30215       -10.2281       -10.2281       0.438981
528       -10.2281       -10.2281       -1.30131       -10.2281       -10.2281       0.441641
529       -10.2281       -10.2281       -1.30047       -10.2281       -10.2281       0.444305
530       -10.2281       -10.2281       -1.29962       -10.2281       -10.2281       0.446972
531       -10.2281       -10.2281       -1.29877       -10.2281       -10.2281       0.449642
532       -10.2281       -10.2281       -1.29792       -10.2281       -10.2281       0.452316
533       -10.2281       -10.2281       -1.29707       -10.2281       -10.2281       0.454994
534       -10.2281       -10.2281       -1.29622       -10.2281       -10.2281       0.457674
535       -10.2281       -10.2281       -1.29536       -10.2281       -10.2281       0.460359
536       -10.2281       -10.2281       -1.29451       -10.2281       -10.2281       0.463046
537       -10.2281       -10.2281       -1.29365       -10.2281       -10.2281       0.465738
538       -10.2281       -10.2281       -1.29279       -10.2281       -10.2281       0.468432
539       -10.2281       -10.2281       -1.29193       -10.2281       -10.2281        0.47113
540       -10.2281       -10.2281       -1.29107       -10.2281       -10.2281       0.473832
541       -10.2281       -10.2281       -1.29021       -10.2281       -10.2281       0.476537
542       -10.2281       -10.2281       -1.28934       -10.2281       -10.2281       0.479246
543       -10.2281       -10.2281       -1.28848       -10.2281       -10.2281       0.481958
544       -10.2281       -10.2281       -1.28761       -10.2281       -10.2281       0.484674
545       -10.2281       -10.2281       -1.28674       -10.2281       -10.2281       0.487393
546       -10.2281       -10.2281       -1.28587       -10.2281       -10.2281       0.490116
547       -10.2281       -10.2281         -1.285       -10.2281       -10.2281       0.492842
548       -10.2281       -10.2281       -1.28412       -10.2281       -10.2281       0.495572
549       -10.2281       -10.2281       -1.28325       -10.2281       -10.2281       0.498305
550       -10.2281       -10.2281       -1.28237       -10.2281       -10.2281       0.501042
551       -10.2281       -10.2281       -1.28149       -10.2281       -10.2281       0.503783
552       -10.2281       -10.2281       -1.28061       -10.2281       -10.2281       0.506527
553       -10.2281       -10.2281       -1.27973       -10.2281       -10.2281       0.509275
554       -10.2281       -10.2281       -1.27884       -10.2281       -10.2281       0.512026
555       -10.2281       -10.2281       -1.27796       -10.2281       -10.2281       0.514781
556       -10.2281       -10.2281       -1.27707       -10.2281       -10.2281       0.517539
557       -10.2281       -10.2281       -1.27618       -10.2281       -10.2281       0.520301
558       -10.2281       -10.2281       -1.27529       -10.2281       -10.2281       0.523067
559       -10.2281       -10.2281        -1.2744       -10.2281       -10.2281       0.525836
560       -10.2281       -10.2281       -1.27351       -10.2281       -10.2281       0.528609
561       -10.2281       -10.2281       -1.27262       -10.2281       -10.2281       0.531386
562       -10.2281       -10.2281       -1.27172       -10.2281       -10.2281       0.534166
563       -10.2281       -10.2281       -1.27082       -10.2281       -10.2281        0.53695
564       -10.2281       -10.2281       -1.26992       -10.2281       -10.2281       0.539738
565       -10.2281       -10.2281       -1.26902       -10.2281       -10.2281       0.542529
566       -10.2281       -10.2281       -1.26812       -10.2281       -10.2281       0.545324
567       -10.2281       -10.2281       -1.26722       -10.2281       -10.2281       0.548122
568       -10.2281       -10.2281       -1.26631       -10.2281       -10.2281       0.550924
569       -10.2281       -10.2281        -1.2654       -10.2281       -10.2281        0.55373
570       -10.2281       -10.2281       -1.26449       -10.2281       -10.2281        0.55654
571       -10.2281       -10.2281       -1.26358       -10.2281       -10.2281       0.559353
572       -10.2281       -10.2281       -1.26267       -10.2281       -10.2281        0.56217
573       -10.2281       -10.2281       -1.26176       -10.2281       -10.2281        0.56499
574       -10.2281       -10.2281       -1.26084       -10.2281       -10.2281       0.567815
575       -10.2281       -10.2281       -1.25992       -10.2281       -10.2281       0.570643
576       -10.2281       -10.2281       -1.25901       -10.2281       -10.2281       0.573475
577       -10.2281       -10.2281       -1.25809       -10.2281       -10.2281        0.57631
578       -10.2281       -10.2281       -1.25716       -10.2281       -10.2281       0.579149
579       -10.2281       -10.2281       -1.25624       -10.2281       -10.2281       0.581992
580       -10.2281       -10.2281       -1.25532       -10.2281       -10.2281       0.584839
581       -10.2281       -10.2281       -1.25439       -10.2281       -10.2281       0.587689
582       -10.2281       -10.2281       -1.25346       -10.2281       -10.2281       0.590544
583       -10.2281       -10.2281       -1.25253       -10.2281       -10.2281       0.593401
584       -10.2281       -10.2281        -1.2516       -10.2281       -10.2281       0.596263
585       -10.2281       -10.2281       -1.25067       -10.2281       -10.2281       0.599129
586       -10.2281       -10.2281       -1.24973       -10.2281       -10.2281       0.601998
587       -10.2281       -10.2281        -1.2488       -10.2281       -10.2281       0.604871
588       -10.2281       -10.2281       -1.24786       -10.2281       -10.2281       0.607748
589       -10.2281       -10.2281       -1.24692       -10.2281       -10.2281       0.610628
590       -10.2281       -10.2281       -1.24598       -10.2281       -10.2281       0.613513
591       -10.2281       -10.2281       -1.24504       -10.2281       -10.2281       0.616401
592       -10.2281       -10.2281       -1.24409       -10.2281       -10.2281       0.619293
593       -10.2281       -10.2281       -1.24315       -10.2281       -10.2281       0.622188
594       -10.2281       -10.2281        -1.2422       -10.2281       -10.2281       0.625088
595       -10.2281       -10.2281       -1.24125       -10.2281       -10.2281       0.627991
596       -10.2281       -10.2281        -1.2403       -10.2281       -10.2281       0.630899
597       -10.2281       -10.2281       -1.23934       -10.2281       -10.2281        0.63381
598       -10.2281       -10.2281       -1.23839       -10.2281       -10.2281       0.636724
599       -10.2281       -10.2281       -1.23743       -10.2281       -10.2281       0.639643
600       -10.2281       -10.2281       -1.23648       -10.2281       -10.2281       0.642565
601       -10.2281       -10.2281       -1.23552       -10.2281       -10.2281       0.645492
602       -10.2281       -10.2281       -1.23456       -10.2281       -10.2281       0.648422
603       -10.2281       -10.2281        -1.2336       -10.2281       -10.2281       0.651356
604       -10.2281       -10.2281       -1.23263       -10.2281       -10.2281       0.654294
605       -10.2281       -10.2281       -1.23167       -10.2281       -10.2281       0.657235
606       -10.2281       -10.2281        -1.2307       -10.2281       -10.2281       0.660181
607       -10.2281       -10.2281       -1.22973       -10.2281       -10.2281        0.66313
608       -10.2281       -10.2281       -1.22876       -10.2281       -10.2281       0.666083
609       -10.2281       -10.2281       -1.22779       -10.2281       -10.2281       0.669041
610       -10.2281       -10.2281       -1.22681       -10.2281       -10.2281       0.672001
611       -10.2281       -10.2281       -1.22584       -10.2281       -10.2281       0.674966
612       -10.2281       -10.2281       -1.22486       -10.2281       -10.2281       0.677935
613       -10.2281       -10.2281       -1.22388       -10.2281       -10.2281       0.680907
614       -10.2281       -10.2281        -1.2229       -10.2281       -10.2281       0.683884
615       -10.2281       -10.2281       -1.22192       -10.2281       -10.2281       0.686864
616       -10.2281       -10.2281       -1.22093       -10.2281       -10.2281       0.689848
617       -10.2281       -10.2281       -1.21995       -10.2281       -10.2281       0.692836
618       -10.2281       -10.2281       -1.21896       -10.2281       -10.2281       0.695828
619       -10.2281       -10.2281       -1.21797       -10.2281       -10.2281       0.698824
620       -10.2281       -10.2281       -1.21698       -10.2281       -10.2281       0.701824
621       -10.2281       -10.2281       -1.21599       -10.2281       -10.2281       0.704828
622       -10.2281       -10.2281         -1.215       -10.2281       -10.2281       0.707835
623       -10.2281       -10.2281         -1.214       -10.2281       -10.2281       0.710846
624       -10.2281       -10.2281       -1.21301       -10.2281       -10.2281       0.713862
625       -10.2281       -10.2281       -1.21201       -10.2281       -10.2281       0.716881
626       -10.2281       -10.2281       -1.21101       -10.2281       -10.2281       0.719904
627       -10.2281       -10.2281          -1.21       -10.2281       -10.2281       0.722931
628       -10.2281       -10.2281         -1.209       -10.2281       -10.2281       0.725962
629       -10.2281       -10.2281         -1.208       -10.2281       -10.2281       0.728997
630       -10.2281       -10.2281       -1.20699       -10.2281       -10.2281       0.732035
631       -10.2281       -10.2281       -1.20598       -10.2281       -10.2281       0.735078
632       -10.2281       -10.2281       -1.20497       -10.2281       -10.2281       0.738124
633       -10.2281       -10.2281       -1.20396       -10.2281       -10.2281       0.741175
634       -10.2281       -10.2281       -1.20295       -10.2281       -10.2281       0.744229
635       -10.2281       -10.2281       -1.20193       -10.2281       -10.2281       0.747287
636       -10.2281       -10.2281       -1.20091       -10.2281       -10.2281       0.750349
637       -10.2281       -10.2281       -1.19989       -10.2281       -10.2281       0.753415
638       -10.2281       -10.2281       -1.19887       -10.2281       -10.2281       0.756485
639       -10.2281       -10.2281       -1.19785       -10.2281       -10.2281       0.759559
640       -10.2281       -10.2281       -1.19683       -10.2281       -10.2281       0.762637
641       -10.2281       -10.2281        -1.1958       -10.2281       -10.2281       0.765719
642       -10.2281       -10.2281       -1.19478       -10.2281       -10.2281       0.768804
643       -10.2281       -10.2281       -1.19375       -10.2281       -10.2281       0.771894
644       -10.2281       -10.2281       -1.19272       -10.2281       -10.2281       0.774987
645       -10.2281       -10.2281       -1.19169       -10.2281       -10.2281       0.778085
646       -10.2281       -10.2281       -1.19065       -10.2281       -10.2281       0.781186
647       -10.2281       -10.2281       -1.18962       -10.2281       -10.2281       0.784291
648       -10.2281       -10.2281       -1.18858       -10.2281       -10.2281         0.7874
649       -10.2281       -10.2281       -1.18754       -10.2281       -10.2281       0.790513
650       -10.2281       -10.2281        -1.1865       -10.2281       -10.2281        0.79363
651       -10.2281       -10.2281       -1.18546       -10.2281       -10.2281       0.796751
652       -10.2281       -10.2281       -1.18442       -10.2281       -10.2281       0.799875
653       -10.2281       -10.2281       -1.18337       -10.2281       -10.2281       0.803004
654       -10.2281       -10.2281       -1.18233       -10.2281       -10.2281       0.806136
655       -10.2281       -10.2281       -1.18128       -10.2281       -10.2281       0.809273
656       -10.2281       -10.2281       -1.18023       -10.2281       -10.2281       0.812413
657       -10.2281       -10.2281       -1.17918       -10.2281       -10.2281       0.815557
658       -10.2281       -10.2281       -1.17813       -10.2281       -10.2281       0.818706
659       -10.2281       -10.2281       -1.17707       -10.2281       -10.2281       0.821858
660       -10.2281       -10.2281       -1.17601       -10.2281       -10.2281       0.825014
661       -10.2281       -10.2281       -1.17496       -10.2281       -10.2281       0.828173
662       -10.2281       -10.2281        -1.1739       -10.2281       -10.2281       0.831337
663       -10.2281       -10.2281       -1.17284       -10.2281       -10.2281       0.834505
664       -10.2281       -10.2281       -1.17177       -10.2281       -10.2281       0.837676
665       -10.2281       -10.2281       -1.17071       -10.2281       -10.2281       0.840851
666       -10.2281       -10.2281       -1.16964       -10.2281       -10.2281       0.844031
667       -10.2281       -10.2281       -1.16857       -10.2281       -10.2281       0.847214
668       -10.2281       -10.2281        -1.1675       -10.2281       -10.2281       0.850401
669       -10.2281       -10.2281       -1.16643       -10.2281       -10.2281       0.853592
670       -10.2281       -10.2281       -1.16536       -10.2281       -10.2281       0.856786
671       -10.2281       -10.2281       -1.16429       -10.2281       -10.2281       0.859985
672       -10.2281       -10.2281       -1.16321       -10.2281       -10.2281       0.863188
673       -10.2281       -10.2281       -1.16213       -10.2281       -10.2281       0.866394
674       -10.2281       -10.2281       -1.16105       -10.2281       -10.2281       0.869604
675       -10.2281       -10.2281       -1.15997       -10.2281       -10.2281       0.872818
676       -10.2281       -10.2281       -1.15889       -10.2281       -10.2281       0.876036
677       -10.2281       -10.2281        -1.1578       -10.2281       -10.2281       0.879258
678       -10.2281       -10.2281       -1.15672       -10.2281       -10.2281       0.882484
679       -10.2281       -10.2281       -1.15563       -10.2281       -10.2281       0.885713
680       -10.2281       -10.2281       -1.15454       -10.2281       -10.2281       0.888946
681       -10.2281       -10.2281       -1.15345       -10.2281       -10.2281       0.892184
682       -10.2281       -10.2281       -1.15236       -10.2281       -10.2281       0.895424
683       -10.2281       -10.2281       -1.15127       -10.2281       -10.2281       0.898669
684       -10.2281       -10.2281       -1.15017       -10.2281       -10.2281       0.901918
685       -10.2281       -10.2281       -1.14907       -10.2281       -10.2281        0.90517
686       -10.2281       -10.2281       -1.14797       -10.2281       -10.2281       0.908427
687       -10.2281       -10.2281       -1.14687       -10.2281       -10.2281       0.911687
688       -10.2281       -10.2281       -1.14577       -10.2281       -10.2281        0.91495
689       -10.2281       -10.2281       -1.14467       -10.2281       -10.2281       0.918218
690       -10.2281       -10.2281       -1.14356       -10.2281       -10.2281        0.92149
691       -10.2281       -10.2281       -1.14246       -10.2281       -10.2281       0.924765
692       -10.2281       -10.2281       -1.14135       -10.2281       -10.2281       0.928044
693       -10.2281       -10.2281       -1.14024       -10.2281       -10.2281       0.931327
694       -10.2281       -10.2281       -1.13913       -10.2281       -10.2281       0.934613
695       -10.2281       -10.2281       -1.13801       -10.2281       -10.2281       0.937903
696       -10.2281       -10.2281        -1.1369       -10.2281       -10.2281       0.941197
697       -10.2281       -10.2281       -1.13578       -10.2281       -10.2281       0.944495
698       -10.2281       -10.2281       -1.13466       -10.2281       -10.2281       0.947797
699       -10.2281       -10.2281       -1.13354       -10.2281       -10.2281       0.951102
700       -10.2281       -10.2281       -1.13242       -10.2281       -10.2281       0.954411
701       -10.2281       -10.2281        -1.1313       -10.2281       -10.2281       0.957724
702       -10.2281       -10.2281       -1.13018       -10.2281       -10.2281        0.96104
703       -10.2281       -10.2281       -1.12905       -10.2281       -10.2281        0.96436
704       -10.2281       -10.2281       -1.12792       -10.2281       -10.2281       0.967684
705       -10.2281       -10.2281        -1.1268       -10.2281       -10.2281       0.971012
706       -10.2281       -10.2281       -1.12566       -10.2281       -10.2281       0.974343
707       -10.2281       -10.2281       -1.12453       -10.2281       -10.2281       0.977678
708       -10.2281       -10.2281        -1.1234       -10.2281       -10.2281       0.981017
709       -10.2281       -10.2281       -1.12226       -10.2281       -10.2281       0.984359
710       -10.2281       -10.2281       -1.12113       -10.2281       -10.2281       0.987705
711       -10.2281       -10.2281       -1.11999       -10.2281       -10.2281       0.991055
712       -10.2281       -10.2281       -1.11885       -10.2281       -10.2281       0.994408
713       -10.2281       -10.2281       -1.11771       -10.2281       -10.2281       0.997765
714       -10.2281       -10.2281       -1.11657       -10.2281       -10.2281        1.00113
715       -10.2281       -10.2281       -1.11542       -10.2281       -10.2281        1.00449
716       -10.2281       -10.2281       -1.11427       -10.2281       -10.2281        1.00786
717       -10.2281       -10.2281       -1.11313       -10.2281       -10.2281        1.01123
718       -10.2281       -10.2281       -1.11198       -10.2281       -10.2281         1.0146
719       -10.2281       -10.2281       -1.11083       -10.2281       -10.2281        1.01798
720       -10.2281       -10.2281       -1.10968       -10.2281       -10.2281        1.02136
721       -10.2281       -10.2281       -1.10852       -10.2281       -10.2281        1.02475
722       -10.2281       -10.2281       -1.10737       -10.2281       -10.2281        1.02814
723       -10.2281       -10.2281       -1.10621       -10.2281       -10.2281        1.03153
724       -10.2281       -10.2281       -1.10505       -10.2281       -10.2281        1.03493
725       -10.2281       -10.2281       -1.10389       -10.2281       -10.2281        1.03833
726       -10.2281       -10.2281       -1.10273       -10.2281       -10.2281        1.04173
727       -10.2281       -10.2281       -1.10157       -10.2281       -10.2281        1.04514
728       -10.2281       -10.2281       -1.10041       -10.2281       -10.2281        1.04855
729       -10.2281       -10.2281       -1.09924       -10.2281       -10.2281        1.05196
730       -10.2281       -10.2281       -1.09807       -10.2281       -10.2281        1.05538
731       -10.2281       -10.2281        -1.0969       -10.2281       -10.2281         1.0588
732       -10.2281       -10.2281       -1.09573       -10.2281       -10.2281        1.06222
733       -10.2281       -10.2281       -1.09456       -10.2281       -10.2281        1.06565
734       -10.2281       -10.2281       -1.09339       -10.2281       -10.2281        1.06908
735       -10.2281       -10.2281       -1.09222       -10.2281       -10.2281        1.07252
736       -10.2281       -10.2281       -1.09104       -10.2281       -10.2281        1.07596
737       -10.2281       -10.2281       -1.08986       -10.2281       -10.2281         1.0794
738       -10.2281       -10.2281       -1.08868       -10.2281       -10.2281        1.08284
739       -10.2281       -10.2281        -1.0875       -10.2281       -10.2281        1.08629
740       -10.2281       -10.2281       -1.08632       -10.2281       -10.2281        1.08974
741       -10.2281       -10.2281       -1.08514       -10.2281       -10.2281         1.0932
742       -10.2281       -10.2281       -1.08395       -10.2281       -10.2281        1.09665
743       -10.2281       -10.2281       -1.08277       -10.2281       -10.2281        1.10012
744       -10.2281       -10.2281       -1.08158       -10.2281       -10.2281        1.10358
745       -10.2281       -10.2281       -1.08039       -10.2281       -10.2281        1.10705
746       -10.2281       -10.2281        -1.0792       -10.2281       -10.2281        1.11052
747       -10.2281       -10.2281       -1.07801       -10.2281       -10.2281        1.11399
748       -10.2281       -10.2281       -1.07682       -10.2281       -10.2281        1.11747
749       -10.2281       -10.2281       -1.07562       -10.2281       -10.2281        1.12095
750       -10.2281       -10.2281       -1.07443       -10.2281       -10.2281        1.12444
751       -10.2281       -10.2281       -1.07323       -10.2281       -10.2281        1.12793
752       -10.2281       -10.2281       -1.07203       -10.2281       -10.2281        1.13142
753       -10.2281       -10.2281       -1.07083       -10.2281       -10.2281        1.13491
754       -10.2281       -10.2281       -1.06963       -10.2281       -10.2281        1.13841
755       -10.2281       -10.2281       -1.06843       -10.2281       -10.2281        1.14191
756       -10.2281       -10.2281       -1.06722       -10.2281       -10.2281        1.14541
757       -10.2281       -10.2281       -1.06602       -10.2281       -10.2281        1.14892
758       -10.2281       -10.2281       -1.06481       -10.2281       -10.2281        1.15243
759       -10.2281       -10.2281        -1.0636       -10.2281       -10.2281        1.15594
760       -10.2281       -10.2281       -1.06239       -10.2281       -10.2281        1.15946
761       -10.2281       -10.2281       -1.06118       -10.2281       -10.2281        1.16298
762       -10.2281       -10.2281       -1.05997       -10.2281       -10.2281         1.1665
763       -10.2281       -10.2281       -1.05876       -10.2281       -10.2281        1.17002
764       -10.2281       -10.2281       -1.05754       -10.2281       -10.2281        1.17355
765       -10.2281       -10.2281       -1.05633       -10.2281       -10.2281        1.17708
766       -10.2281       -10.2281       -1.05511       -10.2281       -10.2281        1.18062
767       -10.2281       -10.2281       -1.05389       -10.2281       -10.2281        1.18415
768       -10.2281       -10.2281       -1.05267       -10.2281       -10.2281        1.18769
769       -10.2281       -10.2281       -1.05145       -10.2281       -10.2281        1.19124
770       -10.2281       -10.2281       -1.05023       -10.2281       -10.2281        1.19478
771       -10.2281       -10.2281         -1.049       -10.2281       -10.2281        1.19833
772       -10.2281       -10.2281       -1.04778       -10.2281       -10.2281        1.20188
773       -10.2281       -10.2281       -1.04655       -10.2281       -10.2281        1.20544
774       -10.2281       -10.2281       -1.04532       -10.2281       -10.2281          1.209
775       -10.2281       -10.2281       -1.04409       -10.2281       -10.2281        1.21256
776       -10.2281       -10.2281       -1.04286       -10.2281       -10.2281        1.21612
777       -10.2281       -10.2281       -1.04163       -10.2281       -10.2281        1.21969
778       -10.2281       -10.2281        -1.0404       -10.2281       -10.2281        1.22326
779       -10.2281       -10.2281       -1.03917       -10.2281       -10.2281        1.22683
780       -10.2281       -10.2281       -1.03793       -10.2281       -10.2281         1.2304
781       -10.2281       -10.2281       -1.03669       -10.2281       -10.2281        1.23398
782       -10.2281       -10.2281       -1.03546       -10.2281       -10.2281        1.23756
783       -10.2281       -10.2281       -1.03422       -10.2281       -10.2281        1.24114
784       -10.2281       -10.2281       -1.03298       -10.2281       -10.2281        1.24473
785       -10.2281       -10.2281       -1.03174       -10.2281       -10.2281        1.24832
786       -10.2281       -10.2281       -1.03049       -10.2281       -10.2281        1.25191
787       -10.2281       -10.2281       -1.02925       -10.2281       -10.2281         1.2555
788       -10.2281       -10.2281       -1.02801       -10.2281       -10.2281         1.2591
789       -10.2281       -10.2281       -1.02676       -10.2281       -10.2281        1.26269
790       -10.2281       -10.2281       -1.02551       -10.2281       -10.2281         1.2663
791       -10.2281       -10.2281       -1.02427       -10.2281       -10.2281         1.2699
792       -10.2281       -10.2281       -1.02302       -10.2281       -10.2281        1.27351
793       -10.2281       -10.2281       -1.02177       -10.2281       -10.2281        1.27711
794       -10.2281       -10.2281       -1.02051       -10.2281       -10.2281        1.28073
795       -10.2281       -10.2281       -1.01926       -10.2281       -10.2281        1.28434
796       -10.2281       -10.2281       -1.01801       -10.2281       -10.2281        1.28796
797       -10.2281       -10.2281       -1.01675       -10.2281       -10.2281        1.29157
798       -10.2281       -10.2281        -1.0155       -10.2281       -10.2281         1.2952
799       -10.2281       -10.2281       -1.01424       -10.2281       -10.2281        1.29882
800       -10.2281       -10.2281       -1.01298       -10.2281       -10.2281        1.30244
801       -10.2281       -10.2281       -1.01172       -10.2281       -10.2281        1.30607
802       -10.2281       -10.2281       -1.01046       -10.2281       -10.2281         1.3097
803       -10.2281       -10.2281        -1.0092       -10.2281       -10.2281        1.31334
804       -10.2281       -10.2281       -1.00794       -10.2281       -10.2281        1.31697
805       -10.2281       -10.2281       -1.00667       -10.2281       -10.2281        1.32061
806       -10.2281       -10.2281       -1.00541       -10.2281       -10.2281        1.32425
807       -10.2281       -10.2281       -1.00414       -10.2281       -10.2281        1.32789
808       -10.2281       -10.2281       -1.00288       -10.2281       -10.2281        1.33154
809       -10.2281       -10.2281       -1.00161       -10.2281       -10.2281        1.33518
810       -10.2281       -10.2281       -1.00034       -10.2281       -10.2281        1.33883
811       -10.2281       -10.2281      -0.999071       -10.2281       -10.2281        1.34248
812       -10.2281       -10.2281      -0.997801       -10.2281       -10.2281        1.34613
813       -10.2281       -10.2281      -0.996529       -10.2281       -10.2281        1.34979
814       -10.2281       -10.2281      -0.995257       -10.2281       -10.2281        1.35345
815       -10.2281       -10.2281      -0.993983       -10.2281       -10.2281         1.3571
816       -10.2281       -10.2281      -0.992709       -10.2281       -10.2281        1.36077
817       -10.2281       -10.2281      -0.991433       -10.2281       -10.2281        1.36443
818       -10.2281       -10.2281      -0.990157       -10.2281       -10.2281        1.36809
819       -10.2281       -10.2281      -0.988879       -10.2281       -10.2281        1.37176
820       -10.2281       -10.2281      -0.987601       -10.2281       -10.2281        1.37543
821       -10.2281       -10.2281      -0.986322       -10.2281       -10.2281         1.3791
822       -10.2281       -10.2281      -0.985042       -10.2281       -10.2281        1.38277
823       -10.2281       -10.2281      -0.983761       -10.2281       -10.2281        1.38645
824       -10.2281       -10.2281      -0.982479       -10.2281       -10.2281        1.39012
825       -10.2281       -10.2281      -0.981197       -10.2281       -10.2281         1.3938
826       -10.2281       -10.2281      -0.979913       -10.2281       -10.2281        1.39748
827       -10.2281       -10.2281      -0.978629       -10.2281       -10.2281        1.40116
828       -10.2281       -10.2281      -0.977343       -10.2281       -10.2281        1.40485
829       -10.2281       -10.2281      -0.976057       -10.2281       -10.2281        1.40853
830       -10.2281       -10.2281       -0.97477       -10.2281       -10.2281        1.41222
831       -10.2281       -10.2281      -0.973483       -10.2281       -10.2281        1.41591
832       -10.2281       -10.2281      -0.972194       -10.2281       -10.2281         1.4196
833       -10.2281       -10.2281      -0.970905       -10.2281       -10.2281        1.42329
834       -10.2281       -10.2281      -0.969614       -10.2281       -10.2281        1.42698
835       -10.2281       -10.2281      -0.968324       -10.2281       -10.2281        1.43068
836       -10.2281       -10.2281      -0.967032       -10.2281       -10.2281        1.43437
837       -10.2281       -10.2281      -0.965739       -10.2281       -10.2281        1.43807
838       -10.2281       -10.2281      -0.964446       -10.2281       -10.2281        1.44177
839       -10.2281       -10.2281      -0.963152       -10.2281       -10.2281        1.44547
840       -10.2281       -10.2281      -0.961857       -10.2281       -10.2281        1.44917
841       -10.2281       -10.2281      -0.960562       -10.2281       -10.2281        1.45288
842       -10.2281       -10.2281      -0.959266       -10.2281       -10.2281        1.45658
843       -10.2281       -10.2281      -0.957969       -10.2281       -10.2281        1.46029
844       -10.2281       -10.2281      -0.956671       -10.2281       -10.2281          1.464
845       -10.2281       -10.2281      -0.955373       -10.2281       -10.2281         1.4677
846       -10.2281       -10.2281      -0.954074       -10.2281       -10.2281        1.47141
847       -10.2281       -10.2281      -0.952775       -10.2281       -10.2281        1.47513
848       -10.2281       -10.2281      -0.951474       -10.2281       -10.2281        1.47884
849       -10.2281       -10.2281      -0.950174       -10.2281       -10.2281        1.48255
850       -10.2281       -10.2281      -0.948872       -10.2281       -10.2281        1.48627
851       -10.2281       -10.2281       -0.94757       -10.2281       -10.2281        1.48998
852       -10.2281       -10.2281      -0.946267       -10.2281       -10.2281         1.4937
853       -10.2281       -10.2281      -0.944964       -10.2281       -10.2281        1.49742
854       -10.2281       -10.2281       -0.94366       -10.2281       -10.2281        1.50114
855       -10.2281       -10.2281      -0.942355       -10.2281       -10.2281        1.50486
856       -10.2281       -10.2281       -0.94105       -10.2281       -10.2281        1.50858
857       -10.2281       -10.2281      -0.939745       -10.2281       -10.2281         1.5123
858       -10.2281       -10.2281      -0.938438       -10.2281       -10.2281        1.51602
859       -10.2281       -10.2281      -0.937132       -10.2281       -10.2281        1.51975
860       -10.2281       -10.2281      -0.935824       -10.2281       -10.2281        1.52347
861       -10.2281       -10.2281      -0.934517       -10.2281       -10.2281         1.5272
862       -10.2281       -10.2281      -0.933208       -10.2281       -10.2281        1.53092
863       -10.2281       -10.2281        -0.9319       -10.2281       -10.2281        1.53465
864       -10.2281       -10.2281      -0.930591       -10.2281       -10.2281        1.53838
865       -10.2281       -10.2281      -0.929281       -10.2281       -10.2281         1.5421
866       -10.2281       -10.2281      -0.927971       -10.2281       -10.2281        1.54583
867       -10.2281       -10.2281       -0.92666       -10.2281       -10.2281        1.54956
868       -10.2281       -10.2281      -0.925349       -10.2281       -10.2281        1.55328
869       -10.2281       -10.2281      -0.924038       -10.2281       -10.2281        1.55701
870       -10.2281       -10.2281      -0.922726       -10.2281       -10.2281        1.56072
871       -10.2281       -10.2281      -0.921414       -10.2281       -10.2281        1.56443
872       -10.2281       -10.2281      -0.920101       -10.2281       -10.2281        1.56813
873       -10.2281       -10.2281      -0.918788       -10.2281       -10.2281        1.57182
874       -10.2281       -10.2281      -0.917475       -10.2281       -10.2281         1.5755
875       -10.2281       -10.2281      -0.916161       -10.2281       -10.2281        1.57916
876       -10.2281       -10.2281      -0.914847       -10.2281       -10.2281         1.5828
877       -10.2281       -10.2281      -0.913532       -10.2281       -10.2281        1.58642
878       -10.2281       -10.2281      -0.912218       -10.2281       -10.2281        1.59001
879       -10.2281       -10.2281      -0.910903       -10.2281       -10.2281        1.59357
880       -10.2281       -10.2281      -0.909587       -10.2281       -10.2281         1.5971
881       -10.2281       -10.2281      -0.908272       -10.2281       -10.2281        1.60058
882       -10.2281       -10.2281      -0.906956       -10.2281       -10.2281        1.60402
883       -10.2281       -10.2281       -0.90564       -10.2281       -10.2281         1.6074
884       -10.2281       -10.2281      -0.904323       -10.2281       -10.2281        1.61072
885       -10.2281       -10.2281      -0.903007       -10.2281       -10.2281        1.61397
886       -10.2281       -10.2281       -0.90169       -10.2281       -10.2281        1.61714
887       -10.2281       -10.2281      -0.900373       -10.2281       -10.2281        1.62023
888       -10.2281       -10.2281      -0.899055       -10.2281       -10.2281        1.62322
889       -10.2281       -10.2281      -0.897738       -10.2281       -10.2281         1.6261
890       -10.2281       -10.2281       -0.89642       -10.2281       -10.2281        1.62886
891       -10.2281       -10.2281      -0.895102       -10.2281       -10.2281        1.63149
892       -10.2281       -10.2281      -0.893784       -10.2281       -10.2281        1.63398
893       -10.2281       -10.2281      -0.892465       -10.2281       -10.2281        1.63631
894       -10.2281       -10.2281      -0.891147       -10.2281       -10.2281        1.63847
895       -10.2281       -10.2281      -0.889828       -10.2281       -10.2281        1.64045
896       -10.2281       -10.2281      -0.888509       -10.2281       -10.2281        1.64223
897       -10.2281       -10.2281       -0.88719       -10.2281       -10.2281         1.6438
898       -10.2281       -10.2281       -0.88587       -10.2281       -10.2281        1.64516
899       -10.2281       -10.2281      -0.884551       -10.2281       -10.2281        1.64629
900       -10.2281       -10.2281      -0.883231       -10.2281       -10.2281        1.64718
901       -10.2281       -10.2281      -0.881911       -10.2281       -10.2281        1.64782
902       -10.2281       -10.2281      -0.880591       -10.2281       -10.2281        1.64821
903       -10.2281       -10.2281       -0.87927       -10.2281       -10.2281        1.64835
904       -10.2281       -10.2281      -0.877949       -10.2281       -10.2281        1.64824
905       -10.2281       -10.2281      -0.876628       -10.2281       -10.2281        1.64787
906       -10.2281       -10.2281      -0.875307       -10.2281       -10.2281        1.64725
907       -10.2281       -10.2281      -0.873986       -10.2281       -10.2281        1.64638
908       -10.2281       -10.2281      -0.872664       -10.2281       -10.2281        1.64527
909       -10.2281       -10.2281      -0.871342       -10.2281       -10.2281        1.64394
910       -10.2281       -10.2281       -0.87002       -10.2281       -10.2281        1.64238
911       -10.2281       -10.2281      -0.868697       -10.2281       -10.2281        1.64062
912       -10.2281       -10.2281      -0.867374       -10.2281       -10.2281        1.63866
913       -10.2281       -10.2281      -0.866051       -10.2281       -10.2281        1.63651
914       -10.2281       -10.2281      -0.864728       -10.2281       -10.2281         1.6342
915       -10.2281       -10.2281      -0.863404       -10.2281       -10.2281        1.63172
916       -10.2281       -10.2281       -0.86208       -10.2281       -10.2281         1.6291
917       -10.2281       -10.2281      -0.860756       -10.2281       -10.2281        1.62635
918       -10.2281       -10.2281      -0.859431       -10.2281       -10.2281        1.62348
919       -10.2281       -10.2281      -0.858107       -10.2281       -10.2281         1.6205
920       -10.2281       -10.2281      -0.856782       -10.2281       -10.2281        1.61742
921       -10.2281       -10.2281      -0.855456       -10.2281       -10.2281        1.61425
922       -10.2281       -10.2281      -0.854131       -10.2281       -10.2281          1.611
923       -10.2281       -10.2281      -0.852805       -10.2281       -10.2281        1.60768
924       -10.2281       -10.2281      -0.851479       -10.2281       -10.2281         1.6043
925       -10.2281       -10.2281      -0.850153       -10.2281       -10.2281        1.60086
926       -10.2281       -10.2281      -0.848827       -10.2281       -10.2281        1.59738
927       -10.2281       -10.2281        -0.8475       -10.2281       -10.2281        1.59385
928       -10.2281       -10.2281      -0.846173       -10.2281       -10.2281        1.59029
929       -10.2281       -10.2281      -0.844846       -10.2281       -10.2281         1.5867
930       -10.2281       -10.2281      -0.843519       -10.2281       -10.2281        1.58307
931       -10.2281       -10.2281      -0.842192       -10.2281       -10.2281        1.57943
932       -10.2281       -10.2281      -0.840864       -10.2281       -10.2281        1.57576
933       -10.2281       -10.2281      -0.839536       -10.2281       -10.2281        1.57208
934       -10.2281       -10.2281      -0.838209       -10.2281       -10.2281        1.56838
935       -10.2281       -10.2281      -0.836881       -10.2281       -10.2281        1.56467
936       -10.2281       -10.2281      -0.835553       -10.2281       -10.2281        1.56096
937       -10.2281       -10.2281      -0.834225       -10.2281       -10.2281        1.55723
938       -10.2281       -10.2281      -0.832897       -10.2281       -10.2281         1.5535
939       -10.2281       -10.2281      -0.831568       -10.2281       -10.2281        1.54977
940       -10.2281       -10.2281       -0.83024       -10.2281       -10.2281        1.54603
941       -10.2281       -10.2281      -0.828912       -10.2281       -10.2281        1.54229
942       -10.2281       -10.2281      -0.827583       -10.2281       -10.2281        1.53855
943       -10.2281       -10.2281      -0.826255       -10.2281       -10.2281        1.53481
944       -10.2281       -10.2281      -0.824927       -10.2281       -10.2281        1.53107
945       -10.2281       -10.2281      -0.823598       -10.2281       -10.2281        1.52734
946       -10.2281       -10.2281       -0.82227       -10.2281       -10.2281         1.5236
947       -10.2281       -10.2281      -0.820942       -10.2281       -10.2281        1.51986
948       -10.2281       -10.2281      -0.819614       -10.2281       -10.2281        1.51613
949       -10.2281       -10.2281      -0.818285       -10.2281       -10.2281        1.51239
950       -10.2281       -10.2281      -0.816957       -10.2281       -10.2281        1.50865
951       -10.2281       -10.2281      -0.815629       -10.2281       -10.2281        1.50492
952       -10.2281       -10.2281      -0.814301       -10.2281       -10.2281        1.50119
953       -10.2281       -10.2281      -0.812974       -10.2281       -10.2281        1.49745
954       -10.2281       -10.2281      -0.811646       -10.2281       -10.2281        1.49372
955       -10.2281       -10.2281      -0.810319       -10.2281       -10.2281        1.48999
956       -10.2281       -10.2281      -0.808991       -10.2281       -10.2281        1.48626
957       -10.2281       -10.2281      -0.807664       -10.2281       -10.2281        1.48253
958       -10.2281       -10.2281      -0.806337       -10.2281       -10.2281         1.4788
959       -10.2281       -10.2281      -0.805011       -10.2281       -10.2281        1.47507
960       -10.2281       -10.2281      -0.803684       -10.2281       -10.2281        1.47134
961       -10.2281       -10.2281      -0.802358       -10.2281       -10.2281        1.46761
962       -10.2281       -10.2281      -0.801032       -10.2281       -10.2281        1.46389
963       -10.2281       -10.2281      -0.799706       -10.2281       -10.2281        1.46016
964       -10.2281       -10.2281       -0.79838       -10.2281       -10.2281        1.45644
965       -10.2281       -10.2281      -0.797055       -10.2281       -10.2281        1.45272
966       -10.2281       -10.2281       -0.79573       -10.2281       -10.2281          1.449
967       -10.2281       -10.2281      -0.794406       -10.2281       -10.2281        1.44528
968       -10.2281       -10.2281      -0.793082       -10.2281       -10.2281        1.44156
969       -10.2281       -10.2281      -0.791758       -10.2281       -10.2281        1.43784
970       -10.2281       -10.2281      -0.790434       -10.2281       -10.2281        1.43413
971       -10.2281       -10.2281      -0.789111       -10.2281       -10.2281        1.43041
972       -10.2281       -10.2281      -0.787788       -10.2281       -10.2281         1.4267
973       -10.2281       -10.2281      -0.786466       -10.2281       -10.2281        1.42299
974       -10.2281       -10.2281      -0.785144       -10.2281       -10.2281        1.41928
975       -10.2281       -10.2281      -0.783823       -10.2281       -10.2281        1.41557
976       -10.2281       -10.2281      -0.782502       -10.2281       -10.2281        1.41187
977       -10.2281       -10.2281      -0.781181       -10.2281       -10.2281        1.40816
978       -10.2281       -10.2281      -0.779861       -10.2281       -10.2281        1.40446
979       -10.2281       -10.2281      -0.778542       -10.2281       -10.2281        1.40076
980       -10.2281       -10.2281      -0.777223       -10.2281       -10.2281        1.39706
981       -10.2281       -10.2281      -0.775904       -10.2281       -10.2281        1.39336
982       -10.2281       -10.2281      -0.774586       -10.2281       -10.2281        1.38967
983       -10.2281       -10.2281      -0.773269       -10.2281       -10.2281        1.38598
984       -10.2281       -10.2281      -0.771952       -10.2281       -10.2281        1.38229
985       -10.2281       -10.2281      -0.770636       -10.2281       -10.2281         1.3786
986       -10.2281       -10.2281       -0.76932       -10.2281       -10.2281        1.37491
987       -10.2281       -10.2281      -0.768005       -10.2281       -10.2281        1.37122
988       -10.2281       -10.2281      -0.766691       -10.2281       -10.2281        1.36754
989       -10.2281       -10.2281      -0.765377       -10.2281       -10.2281        1.36386
990       -10.2281       -10.2281      -0.764064       -10.2281       -10.2281        1.36018
991       -10.2281       -10.2281      -0.762752       -10.2281       -10.2281        1.35651
992       -10.2281       -10.2281      -0.761441       -10.2281       -10.2281        1.35283
993       -10.2281       -10.2281       -0.76013       -10.2281       -10.2281        1.34916
994       -10.2281       -10.2281       -0.75882       -10.2281       -10.2281         1.3455
995       -10.2281       -10.2281       -0.75751       -10.2281       -10.2281        1.34183
996       -10.2281       -10.2281      -0.756202       -10.2281       -10.2281        1.33817
997       -10.2281       -10.2281      -0.754894       -10.2281       -10.2281        1.33451
998       -10.2281       -10.2281      -0.753587       -10.2281       -10.2281        1.33085
999       -10.2281       -10.2281      -0.752281       -10.2281       -10.2281        1.32719
1000       -10.2281       -10.2281      -0.750976       -10.2281       -10.2281        1.32354
