1	-10.22812	-10.22812	-1.6008300000000002
2	-10.22812	-10.22812	-1.6007900000000002
3	-10.22812	-10.22812	-1.6007300000000002
4	-10.22812	-10.22812	-1.60064
5	-10.22812	-10.22812	-1.6005300000000002
6	-10.22812	-10.22812	-1.6003900000000002
7	-10.22812	-10.22812	-1.60023
8	-10.22812	-10.22812	-1.6000500000000002
9	-10.22812	-10.22812	-1.5998400000000002
10	-10.22812	-10.22812	-1.5996100000000002
11	-10.22812	-10.22812	-1.5993600000000001
12	-10.22812	-10.22812	-1.59908
13	-10.22812	-10.22812	-1.59878
14	-10.22812	-10.22812	-1.5984600000000002
15	-10.22812	-10.22812	-1.5981200000000002
16	-10.22812	-10.22812	-1.59776
17	-10.22812	-10.22812	-1.59738
18	-10.22812	-10.22812	-1.59698
19	-10.22812	-10.22812	-1.5965600000000002
20	-10.22812	-10.22812	-1.5961200000000002
21	-10.22812	-10.22812	-1.5956700000000001
22	-10.22812	-10.22812	-1.5952000000000002
23	-10.22812	-10.22812	-1.5947200000000001
24	-10.22812	-10.22812	-1.5942200000000002
25	-10.22812	-10.22812	-1.5937100000000002
26	-10.22812	-10.22812	-1.59318
27	-10.22812	-10.22812	-1.59264
28	-10.22812	-10.22812	-1.5920900000000002
29	-10.22812	-10.22812	-1.5915300000000001
30	-10.22812	-10.22812	-1.5909600000000002
31	-10.22812	-10.22812	-1.5903800000000001
32	-10.22812	-10.22812	-1.58979
33	-10.22812	-10.22812	-1.58919
34	-10.22812	-10.22812	-1.58858
35	-10.22812	-10.22812	-1.58796
36	-10.22812	-10.22812	-1.5873400000000002
37	-10.22812	-10.22812	-1.58671
38	-10.22812	-10.22812	-1.5860800000000002
39	-10.22812	-10.22812	-1.5854400000000002
40	-10.22812	-10.22812	-1.5848000000000002
41	-10.22812	-10.22812	-1.5841500000000002
42	-10.22812	-10.22812	-1.5835000000000001
43	-10.22812	-10.22812	-1.58285
44	-10.22812	-10.22812	-1.5822
45	-10.22812	-10.22812	-1.5815500000000002
46	-10.22812	-10.22812	-1.5809000000000002
47	-10.22812	-10.22812	-1.5802500000000002
48	-10.22812	-10.22812	-1.5796000000000001
49	-10.22812	-10.22812	-1.57895
50	-10.22812	-10.22812	-1.5783
51	-10.22812	-10.22812	-1.5776500000000002
52	-10.22812	-10.22812	-1.5770000000000002
53	-10.22812	-10.22812	-1.5763500000000001
54	-10.22812	-10.22812	-1.5757
55	-10.22812	-10.22812	-1.5750600000000001
56	-10.22812	-10.22812	-1.5744200000000002
57	-10.22812	-10.22812	-1.5737800000000002
58	-10.22812	-10.22812	-1.57315
59	-10.22812	-10.22812	-1.5725200000000001
60	-10.22812	-10.22812	-1.5718900000000002
61	-10.22812	-10.22812	-1.5712700000000002
62	-10.22812	-10.22812	-1.57065
63	-10.22812	-10.22812	-1.57004
64	-10.22812	-10.22812	-1.56943
65	-10.22812	-10.22812	-1.5688300000000002
66	-10.22812	-10.22812	-1.5682300000000002
67	-10.22812	-10.22812	-1.56763
68	-10.22812	-10.22812	-1.5670400000000002
69	-10.22812	-10.22812	-1.5664500000000001
70	-10.22812	-10.22812	-1.56587
71	-10.22812	-10.22812	-1.56529
72	-10.22812	-10.22812	-1.56472
73	-10.22812	-10.22812	-1.5641500000000002
74	-10.22812	-10.22812	-1.56359
75	-10.22812	-10.22812	-1.5630300000000001
76	-10.22812	-10.22812	-1.56248
77	-10.22812	-10.22812	-1.56193
78	-10.22812	-10.22812	-1.56139
79	-10.22812	-10.22812	-1.56085
80	-10.22812	-10.22812	-1.5603200000000002
81	-10.22812	-10.22812	-1.5597900000000002
82	-10.22812	-10.22812	-1.5592700000000002
83	-10.22812	-10.22812	-1.55875
84	-10.22812	-10.22812	-1.55824
85	-10.22812	-10.22812	-1.55773
86	-10.22812	-10.22812	-1.5572300000000001
87	-10.22812	-10.22812	-1.5567300000000002
88	-10.22812	-10.22812	-1.55624
89	-10.22812	-10.22812	-1.5557500000000002
90	-10.22812	-10.22812	-1.5552700000000002
91	-10.22812	-10.22812	-1.5547900000000001
92	-10.22812	-10.22812	-1.55431
93	-10.22812	-10.22812	-1.55384
94	-10.22812	-10.22812	-1.5533700000000001
95	-10.22812	-10.22812	-1.5529000000000002
96	-10.22812	-10.22812	-1.55244
97	-10.22812	-10.22812	-1.5519800000000001
98	-10.22812	-10.22812	-1.5515200000000002
99	-10.22812	-10.22812	-1.5510700000000002
100	-10.22812	-10.22812	-1.55062
101	-10.22812	-10.22812	-1.55017
102	-10.22812	-10.22812	-1.54973
103	-10.22812	-10.22812	-1.54929
104	-10.22812	-10.22812	-1.54885
105	-10.22812	-10.22812	-1.5484200000000001
106	-10.22812	-10.22812	-1.5479900000000002
107	-10.22812	-10.22812	-1.54756
108	-10.22812	-10.22812	-1.5471300000000001
109	-10.22812	-10.22812	-1.54671
110	-10.22812	-10.22812	-1.5462900000000002
111	-10.22812	-10.22812	-1.54587
112	-10.22812	-10.22812	-1.5454500000000002
113	-10.22812	-10.22812	-1.5450300000000001
114	-10.22812	-10.22812	-1.54462
115	-10.22812	-10.22812	-1.54421
116	-10.22812	-10.22812	-1.5438
117	-10.22812	-10.22812	-1.54339
118	-10.22812	-10.22812	-1.54298
119	-10.22812	-10.22812	-1.5425700000000002
120	-10.22812	-10.22812	-1.54217
121	-10.22812	-10.22812	-1.54177
122	-10.22812	-10.22812	-1.5413700000000001
123	-10.22812	-10.22812	-1.5409700000000002
124	-10.22812	-10.22812	-1.5405700000000002
125	-10.22812	-10.22812	-1.54017
126	-10.22812	-10.22812	-1.53977
127	-10.22812	-10.22812	-1.5393700000000001
128	-10.22812	-10.22812	-1.5389700000000002
129	-10.22812	-10.22812	-1.5385700000000002
130	-10.22812	-10.22812	-1.53818
131	-10.22812	-10.22812	-1.5377900000000002
132	-10.22812	-10.22812	-1.5374
133	-10.22812	-10.22812	-1.5370100000000002
134	-10.22812	-10.22812	-1.53662
135	-10.22812	-10.22812	-1.5362300000000002
136	-10.22812	-10.22812	-1.53584
137	-10.22812	-10.22812	-1.5354500000000002
138	-10.22812	-10.22812	-1.53506
139	-10.22812	-10.22812	-1.5346600000000001
140	-10.22812	-10.22812	-1.5342600000000002
141	-10.22812	-10.22812	-1.5338600000000002
142	-10.22812	-10.22812	-1.53346
143	-10.22812	-10.22812	-1.53306
144	-10.22812	-10.22812	-1.5326600000000001
145	-10.22812	-10.22812	-1.5322600000000002
146	-10.22812	-10.22812	-1.5318600000000002
147	-10.22812	-10.22812	-1.53146
148	-10.22812	-10.22812	-1.53106
149	-10.22812	-10.22812	-1.53065
150	-10.22812	-10.22812	-1.53024
151	-10.22812	-10.22812	-1.52983
152	-10.22812	-10.22812	-1.5294200000000002
153	-10.22812	-10.22812	-1.5290100000000002
154	-10.22812	-10.22812	-1.5286000000000002
155	-10.22812	-10.22812	-1.5281900000000002
156	-10.22812	-10.22812	-1.5277800000000001
157	-10.22812	-10.22812	-1.5273700000000001
158	-10.22812	-10.22812	-1.52696
159	-10.22812	-10.22812	-1.5265400000000002
160	-10.22812	-10.22812	-1.5261200000000001
161	-10.22812	-10.22812	-1.5257
162	-10.22812	-10.22812	-1.5252800000000002
163	-10.22812	-10.22812	-1.52486
164	-10.22812	-10.22812	-1.52444
165	-10.22812	-10.22812	-1.5240200000000002
166	-10.22812	-10.22812	-1.5236
167	-10.22812	-10.22812	-1.5231800000000002
168	-10.22812	-10.22812	-1.52275
169	-10.22812	-10.22812	-1.5223200000000001
170	-10.22812	-10.22812	-1.5218900000000002
171	-10.22812	-10.22812	-1.52146
172	-10.22812	-10.22812	-1.52103
173	-10.22812	-10.22812	-1.5206000000000002
174	-10.22812	-10.22812	-1.52017
175	-10.22812	-10.22812	-1.51974
176	-10.22812	-10.22812	-1.5193100000000002
177	-10.22812	-10.22812	-1.5188700000000002
178	-10.22812	-10.22812	-1.5184300000000002
179	-10.22812	-10.22812	-1.5179900000000002
180	-10.22812	-10.22812	-1.5175500000000002
181	-10.22812	-10.22812	-1.5171100000000002
182	-10.22812	-10.22812	-1.5166700000000002
183	-10.22812	-10.22812	-1.5162300000000002
184	-10.22812	-10.22812	-1.5157900000000002
185	-10.22812	-10.22812	-1.5153500000000002
186	-10.22812	-10.22812	-1.5149100000000002
187	-10.22812	-10.22812	-1.5144600000000001
188	-10.22812	-10.22812	-1.51401
189	-10.22812	-10.22812	-1.51356
190	-10.22812	-10.22812	-1.5131100000000002
191	-10.22812	-10.22812	-1.5126600000000001
192	-10.22812	-10.22812	-1.51221
193	-10.22812	-10.22812	-1.5117600000000002
194	-10.22812	-10.22812	-1.5113100000000002
195	-10.22812	-10.22812	-1.51086
196	-10.22812	-10.22812	-1.5104000000000002
197	-10.22812	-10.22812	-1.50994
198	-10.22812	-10.22812	-1.5094800000000002
199	-10.22812	-10.22812	-1.50902
200	-10.22812	-10.22812	-1.5085600000000001
201	-10.22812	-10.22812	-1.5081000000000002
202	-10.22812	-10.22812	-1.50764
203	-10.22812	-10.22812	-1.5071800000000002
204	-10.22812	-10.22812	-1.50672
205	-10.22812	-10.22812	-1.50625
206	-10.22812	-10.22812	-1.5057800000000001
207	-10.22812	-10.22812	-1.5053100000000001
208	-10.22812	-10.22812	-1.5048400000000002
209	-10.22812	-10.22812	-1.5043700000000002
210	-10.22812	-10.22812	-1.5039
211	-10.22812	-10.22812	-1.50343
212	-10.22812	-10.22812	-1.50296
213	-10.22812	-10.22812	-1.50249
214	-10.22812	-10.22812	-1.50201
215	-10.22812	-10.22812	-1.50153
216	-10.22812	-10.22812	-1.5010500000000002
217	-10.22812	-10.22812	-1.5005700000000002
218	-10.22812	-10.22812	-1.5000900000000001
219	-10.22812	-10.22812	-1.49961
220	-10.22812	-10.22812	-1.49913
221	-10.22812	-10.22812	-1.49865
222	-10.22812	-10.22812	-1.4981700000000002
223	-10.22812	-10.22812	-1.4976800000000001
224	-10.22812	-10.22812	-1.49719
225	-10.22812	-10.22812	-1.4967000000000001
226	-10.22812	-10.22812	-1.49621
227	-10.22812	-10.22812	-1.4957200000000002
228	-10.22812	-10.22812	-1.49523
229	-10.22812	-10.22812	-1.4947400000000002
230	-10.22812	-10.22812	-1.49425
231	-10.22812	-10.22812	-1.4937500000000001
232	-10.22812	-10.22812	-1.4932500000000002
233	-10.22812	-10.22812	-1.49275
234	-10.22812	-10.22812	-1.49225
235	-10.22812	-10.22812	-1.4917500000000001
236	-10.22812	-10.22812	-1.4912500000000002
237	-10.22812	-10.22812	-1.49075
238	-10.22812	-10.22812	-1.49025
239	-10.22812	-10.22812	-1.4897500000000001
240	-10.22812	-10.22812	-1.4892400000000001
241	-10.22812	-10.22812	-1.48873
242	-10.22812	-10.22812	-1.48822
243	-10.22812	-10.22812	-1.48771
244	-10.22812	-10.22812	-1.4872
245	-10.22812	-10.22812	-1.48669
246	-10.22812	-10.22812	-1.48618
247	-10.22812	-10.22812	-1.48567
248	-10.22812	-10.22812	-1.48516
249	-10.22812	-10.22812	-1.4846400000000002
250	-10.22812	-10.22812	-1.48412
251	-10.22812	-10.22812	-1.4836
252	-10.22812	-10.22812	-1.4830800000000002
253	-10.22812	-10.22812	-1.48256
254	-10.22812	-10.22812	-1.48204
255	-10.22812	-10.22812	-1.4815200000000002
256	-10.22812	-10.22812	-1.481
257	-10.22812	-10.22812	-1.4804700000000002
258	-10.22812	-10.22812	-1.47994
259	-10.22812	-10.22812	-1.4794100000000001
260	-10.22812	-10.22812	-1.4788800000000002
261	-10.22812	-10.22812	-1.47835
262	-10.22812	-10.22812	-1.4778200000000001
263	-10.22812	-10.22812	-1.4772900000000002
264	-10.22812	-10.22812	-1.47676
265	-10.22812	-10.22812	-1.4762300000000002
266	-10.22812	-10.22812	-1.4756900000000002
267	-10.22812	-10.22812	-1.4751500000000002
268	-10.22812	-10.22812	-1.4746100000000002
269	-10.22812	-10.22812	-1.4740700000000002
270	-10.22812	-10.22812	-1.4735300000000002
271	-10.22812	-10.22812	-1.47299
272	-10.22812	-10.22812	-1.47245
273	-10.22812	-10.22812	-1.47191
274	-10.22812	-10.22812	-1.4713600000000002
275	-10.22812	-10.22812	-1.4708100000000002
276	-10.22812	-10.22812	-1.4702600000000001
277	-10.22812	-10.22812	-1.46971
278	-10.22812	-10.22812	-1.46916
279	-10.22812	-10.22812	-1.4686100000000002
280	-10.22812	-10.22812	-1.4680600000000001
281	-10.22812	-10.22812	-1.46751
282	-10.22812	-10.22812	-1.4669500000000002
283	-10.22812	-10.22812	-1.46639
284	-10.22812	-10.22812	-1.4658300000000002
285	-10.22812	-10.22812	-1.46527
286	-10.22812	-10.22812	-1.4647100000000002
287	-10.22812	-10.22812	-1.46415
288	-10.22812	-10.22812	-1.4635900000000002
289	-10.22812	-10.22812	-1.46303
290	-10.22812	-10.22812	-1.46246
291	-10.22812	-10.22812	-1.4618900000000001
292	-10.22812	-10.22812	-1.4613200000000002
293	-10.22812	-10.22812	-1.4607500000000002
294	-10.22812	-10.22812	-1.46018
295	-10.22812	-10.22812	-1.45961
296	-10.22812	-10.22812	-1.4590400000000001
297	-10.22812	-10.22812	-1.4584700000000002
298	-10.22812	-10.22812	-1.4578900000000001
299	-10.22812	-10.22812	-1.45731
