1	1.000001500001125
2	1.0000044995101227
3	1.0000074985281138
4	1.0000104960550833
5	1.0000134915910106
6	1.0000164851358784
7	1.0000194756896488
8	1.0000224627522838
9	1.0000254458237394
10	1.0000284244039657
11	1.0000313984929223
12	1.000034367090535
13	1.0000373301967544
14	1.000040287311512
15	1.0000432379347326
16	1.0000461815663357
17	1.0000491182062596
18	1.0000520468543905
19	1.0000549685107132
20	1.0000578816750796
21	1.0000607863474151
22	1.000063683027678
23	1.0000665707157317
24	1.0000694499115335
25	1.0000723196149373
26	1.0000751803258991
27	1.0000780315443025
28	1.000080872770026
29	1.0000837045030264
30	1.0000865267432226
31	1.0000893394905346
32	1.000092142244836
33	1.0000949350060424
34	1.0000977177740706
35	1.0001004910488873
36	1.0001032548304132
37	1.0001060086185165
38	1.0001087519130607
39	1.0001114852140147
40	1.0001142090213537
41	1.0001169228349418
42	1.0001196266546977
43	1.0001223199804787
44	1.0001250038123255
45	1.0001276776500974
46	1.0001303419937797
47	1.0001329963432295
48	1.0001356411984357
49	1.000138276059253
50	1.0001409014256735
51	1.0001435162974786
52	1.0001461221748051
53	1.0001487175573596
54	1.0001513039452874
55	1.0001538808384418
56	1.000156447736671
57	1.0001590056400569
58	1.0001615545485307
59	1.0001640934618594
60	1.0001666228800503
61	1.0001691433031157
62	1.0001716547309876
63	1.0001741566635112
64	1.0001766496007034
65	1.0001791335424972
66	1.0001816084888253
67	1.000184074939713
68	1.000186532395004
69	1.0001889813547267
70	1.0001914218188186
71	1.0001938537872175
72	1.0001962777599593
73	1.000198693236887
74	1.000201100718039
75	1.0002035002033576
76	1.0002058916927856
77	1.0002082751862655
78	1.0002106516839506
79	1.0002130206856847
80	1.0002153821914141
81	1.0002177362010862
82	1.000220083714868
83	1.0002224242326023
84	1.0002247582543524
85	1.0002270852799595
86	1.0002294058094892
87	1.000231720343012
88	1.0002340288804867
89	1.0002363314218714
90	1.000238628467244
91	1.000240920016567
92	1.0002432060698019
93	1.0002454871270343
94	1.0002477631882298
95	1.0002500342533545
96	1.0002523008225002
97	1.0002545628956363
98	1.0002568204727325
99	1.000259074554017
100	1.0002613241392053
101	1.0002635707286622
102	1.000265812821969
103	1.000268052419631
104	1.0002702880212264
105	1.0002725211271373
106	1.000274751237209
107	1.0002769788515606
108	1.0002792034700354
109	1.0002814260928947
110	1.0002836462199838
111	1.0002858648515716
112	1.000288081987648
113	1.0002902971280583
114	1.0002925112730816
115	1.0002947234224164
116	1.0002969345763464
117	1.0002991452350145
118	1.0003013543981163
119	1.0003035630659451
120	1.0003057717386508
121	1.0003079799160792
122	1.000310187598227
123	1.0003123952852473
124	1.0003146034772972
125	1.0003168106739047
126	1.0003190188757016
127	1.0003212275825337
128	1.0003234367944043
129	1.000325646011154
130	1.0003278562331106
131	1.0003300674602809
132	1.0003322801928374
133	1.000334493930623
134	1.000336708673644
135	1.0003389244219079
136	1.000341141675591
137	1.0003433604347038
138	1.0003455806992563
139	1.0003478029694322
140	1.000350027245245
141	1.0003522525263557
142	1.0003544793129482
143	1.000356708105211
144	1.0003589394033368
145	1.000361172707162
146	1.0003634080166999
147	1.0003656453319636
148	1.000367885153151
149	1.0003701269800938
150	1.000372370812805
151	1.0003746166512983
152	1.0003768644955875
153	1.0003791143456857
154	1.0003813657014158
155	1.0003836195631717
156	1.0003858749305843
157	1.0003881323038581
158	1.0003903916830061
159	1.0003926525678462
160	1.0003949154585856
161	1.000397180355238
162	1.0003994472578173
163	1.0004017161663366
164	1.0004039870808097
165	1.0004062600012504
166	1.000408534427468
167	1.000410810859678
168	1.0004130892978944
169	1.0004153697421305
170	1.0004176516921914
171	1.0004199356482975
172	1.0004222216104621
173	1.000424509078487
174	1.0004267985525959
175	1.0004290895325876
176	1.0004313825186886
177	1.0004336770106956
178	1.000435973508837
179	1.0004382715129074
180	1.0004405710229172
181	1.0004428720388767
182	1.0004451740605738
183	1.000447477588239
184	1.0004497831221075
185	1.0004520901619676
186	1.000454398707829
187	1.0004567087597025
188	1.0004590208178281
189	1.0004613343819888
190	1.0004636489519634
191	1.0004659645277585
192	1.0004682816096155
193	1.0004706001975447
194	1.0004729202915568
195	1.0004752413914244
196	1.0004775639973933
197	1.0004798876092338
198	1.0004822127271944
199	1.0004845393512856
