1        54.3212     0.00548893        54.3157        54.3212     0.00188961    -0.00189001
2        54.3211      0.0219379        54.2992        54.3211     0.00755583     -0.0075594
3        54.3211      0.0492937        54.2719        54.3211      0.0169908     -0.0170062
4        54.3211      0.0874682        54.2337        54.3211      0.0301813      -0.030227
5        54.3211       0.136339        54.1849        54.3211      0.0471092     -0.0472174
6        54.3211       0.195751        54.1256        54.3211      0.0677511     -0.0679712
7        54.3211       0.265517         54.056        54.3211      0.0920788     -0.0924813
8        54.3211        0.34542        53.9763        54.3211       0.120059      -0.120739
9         54.321       0.435215        53.8869         54.321       0.151654      -0.152734
10         54.321       0.534632         53.788         54.321        0.18682      -0.188456
11         54.321       0.643376          53.68         54.321       0.225512       -0.22789
12         54.321       0.761132        53.5632         54.321       0.267678      -0.271025
13        54.3209       0.887567        53.4379        54.3209       0.313263      -0.317842
14        54.3209        1.02233        53.3047        54.3209       0.362208      -0.368327
15        54.3209        1.16506        53.1638        54.3209       0.414449       -0.42246
16        54.3208        1.31539        53.0157        54.3208       0.469922       -0.48022
17        54.3208        1.47294        52.8609        54.3208       0.528556      -0.541588
18        54.3208        1.63731        52.6997        54.3208       0.590278      -0.606538
19        54.3207        1.80814        52.5326        54.3207       0.655014      -0.675048
20        54.3207        1.98504        52.3601        54.3207       0.722686      -0.747089
21        54.3207        2.16763        52.1825        54.3207       0.793212      -0.822635
22        54.3206        2.35553        52.0003        54.3206        0.86651      -0.901655
23        54.3206        2.54838        51.8138        54.3206       0.942495      -0.984117
24        54.3206        2.74584        51.6236        54.3206        1.02108       -1.06999
25        54.3205        2.94756          51.43        54.3205        1.10217       -1.15923
26        54.3205        3.15322        51.2334        54.3205        1.18569       -1.25181
27        54.3205        3.36251        51.0342        54.3205        1.27153       -1.34769
28        54.3205        3.57515        50.8326        54.3205         1.3596       -1.44682
29        54.3205        3.79086        50.6289        54.3205        1.44981       -1.54917
30        54.3204         4.0094        50.4236        54.3204        1.54207       -1.65467
31        54.3204        4.23054        50.2169        54.3204        1.63626        -1.7633
32        54.3204        4.45408         50.009        54.3204        1.73229       -1.87498
33        54.3204        4.67983        49.8002        54.3204        1.83007       -1.98968
34        54.3204        4.90764        49.5906        54.3204        1.92948       -2.10734
35        54.3204        5.13737        49.3805        54.3204        2.03043       -2.22789
36        54.3204        5.36891        49.1699        54.3204         2.1328       -2.35127
37        54.3204        5.60217        48.9591        54.3204         2.2365       -2.47743
38        54.3204        5.83708        48.7482        54.3204        2.34142       -2.60629
39        54.3204         6.0736        48.5371        54.3204        2.44743       -2.73778
40        54.3204        6.31171        48.3261        54.3204        2.55445       -2.87183
41        54.3204        6.55139         48.115        54.3204        2.66234       -3.00837
42        54.3204        6.79268         47.904        54.3204          2.771       -3.14731
43        54.3204         7.0356        47.6931        54.3204        2.88032       -3.28857
44        54.3204         7.2802        47.4821        54.3204        2.99018       -3.43207
45        54.3204        7.52655        47.2711        54.3204        3.10046       -3.57772
46        54.3204        7.77473        47.0601        54.3204        3.21104       -3.72542
47        54.3205        8.02484        46.8489        54.3205        3.32181       -3.87509
48        54.3205        8.27698        46.6375        54.3205        3.43264       -4.02662
49        54.3205        8.53128        46.4257        54.3205        3.54341       -4.17991
50        54.3205        8.78784        46.2135        54.3205        3.65399       -4.33486
51        54.3205        9.04681        46.0008        54.3205        3.76427       -4.49137
52        54.3205        9.30831        45.7874        54.3205        3.87412       -4.64932
53        54.3205         9.5725        45.5732        54.3205        3.98341       -4.80859
54        54.3206         9.8395        45.3581        54.3206        4.09203       -4.96909
55        54.3206        10.1095         45.142        54.3206        4.19983       -5.13068
56        54.3206        10.3825        44.9246        54.3206        4.30671       -5.29326
57        54.3206        10.6588        44.7059        54.3206        4.41253       -5.45669
58        54.3206        10.9385        44.4858        54.3206        4.51717       -5.62086
59        54.3206        11.2216        44.2641        54.3206        4.62051       -5.78564
60        54.3206        11.5084        44.0407        54.3206        4.72243       -5.95091
61        54.3206        11.7989        43.8155        54.3206         4.8228       -6.11653
62        54.3206        12.0931        43.5884        54.3206        4.92152       -6.28239
63        54.3206        12.3913        43.3592        54.3206        5.01845       -6.44835
64        54.3206        12.6935        43.1279        54.3206         5.1135       -6.61428
65        54.3206        12.9997        42.8945        54.3206        5.20655       -6.78006
66        54.3206        13.3099        42.6587        54.3206         5.2975       -6.94555
67        54.3206        13.6243        42.4207        54.3206        5.38624       -7.11064
68        54.3206        13.9428        42.1803        54.3206        5.47268       -7.27518
69        54.3206        14.2655        41.9375        54.3206        5.55672       -7.43907
70        54.3206        14.5922        41.6923        54.3206        5.63827       -7.60217
71        54.3206         14.923        41.4447        54.3206        5.71726       -7.76436
72        54.3206        15.2579        41.1946        54.3206         5.7936       -7.92553
73        54.3206        15.5967        40.9422        54.3206        5.86722       -8.08555
74        54.3206        15.9394        40.6874        54.3206        5.93806       -8.24432
75        54.3206        16.2859        40.4304        54.3206        6.00605       -8.40172
76        54.3206         16.636         40.171        54.3206        6.07115       -8.55764
77        54.3206        16.9897        39.9095        54.3206         6.1333       -8.71199
78        54.3205        17.3468         39.646        54.3205        6.19247       -8.86466
79        54.3205        17.7071        39.3804        54.3205        6.24862       -9.01556
80        54.3205        18.0705         39.113        54.3205        6.30172        -9.1646
81        54.3205        18.4367        38.8437        54.3205        6.35176       -9.31168
82        54.3205        18.8056        38.5729        54.3205        6.39871       -9.45674
83        54.3205         19.177        38.3006        54.3205        6.44259       -9.59968
84        54.3205        19.5507        38.0269        54.3205        6.48337       -9.74045
85        54.3205        19.9264         37.752        54.3205        6.52107       -9.87896
86        54.3205        20.3039         37.476        54.3205         6.5557       -10.0152
87        54.3205         20.683        37.1992        54.3205        6.58728        -10.149
88        54.3205        21.0634        36.9216        54.3205        6.61584       -10.2804
89        54.3205        21.4449        36.6435        54.3205        6.64139       -10.4094
90        54.3205        21.8273        36.3651        54.3205        6.66398       -10.5358
91        54.3205        22.2102        36.0864        54.3205        6.68364       -10.6598
92        54.3205        22.5934        35.8077        54.3205        6.70043       -10.7811
93        54.3204        22.9767        35.5292        54.3204        6.71437       -10.8998
94        54.3204        23.3598         35.251        54.3204        6.72554       -11.0159
95        54.3204        23.7426        34.9733        54.3204        6.73398       -11.1294
96        54.3204        24.1246        34.6963        54.3204        6.73975       -11.2402
97        54.3204        24.5057        34.4201        54.3204        6.74292       -11.3483
98        54.3204        24.8857        34.1449        54.3204        6.74354       -11.4538
99        54.3204        25.2644        33.8709        54.3204        6.74169       -11.5566
100        54.3204        25.6414        33.5983        54.3204        6.73742       -11.6567
101        54.3204        26.0166        33.3271        54.3204        6.73083       -11.7541
102        54.3204        26.3898        33.0576        54.3204        6.72196       -11.8489
103        54.3204        26.7607        32.7898        54.3204         6.7109        -11.941
104        54.3203        27.1293        32.5239        54.3203        6.69772       -12.0305
105        54.3203        27.4952          32.26        54.3203        6.68248       -12.1174
106        54.3203        27.8584        31.9983        54.3203        6.66528       -12.2017
107        54.3203        28.2187        31.7389        54.3203        6.64616       -12.2834
108        54.3203        28.5758        31.4818        54.3203        6.62522       -12.3625
109        54.3203        28.9298        31.2271        54.3203        6.60252       -12.4391
110        54.3203        29.2803         30.975        54.3203        6.57813       -12.5132
111        54.3203        29.6274        30.7255        54.3203        6.55213       -12.5847
112        54.3203        29.9709        30.4787        54.3203        6.52458       -12.6539
113        54.3203        30.3107        30.2346        54.3203        6.49555       -12.7206
114        54.3202        30.6467        29.9933        54.3202         6.4651       -12.7848
115        54.3202        30.9788        29.7548        54.3202        6.43332       -12.8467
116        54.3202         31.307        29.5193        54.3202        6.40025       -12.9063
117        54.3202        31.6311        29.2866        54.3202        6.36597       -12.9635
118          54.32          31.95        29.0579          54.32        6.33053       -13.0185
119        54.3199        32.2618        28.8352        54.3199        6.29401       -13.0711
120        54.3199        32.5654        28.6195        54.3199        6.25646       -13.1216
121        54.3198        32.8604        28.4113        54.3198        6.21797       -13.1698
122        54.3198        33.1463        28.2108        54.3198        6.17859       -13.2159
123        54.3197        33.4226        28.0186        54.3197        6.13838       -13.2598
124        54.3197        33.6885        27.8354        54.3197        6.09742       -13.3016
125        54.3197        33.9431        27.6621        54.3197        6.05577       -13.3413
126        54.3196        34.1861        27.4991        54.3196        6.01349        -13.379
127        54.3196        34.4168        27.3469        54.3196        5.97064       -13.4147
128        54.3196        34.6346        27.2061        54.3196        5.92728       -13.4484
129        54.3196        34.8391        27.0771        54.3196        5.88347       -13.4801
130        54.3195        35.0296        26.9606        54.3195        5.83927       -13.5099
131        54.3195        35.2055         26.857        54.3195        5.79473       -13.5378
132        54.3195        35.3664         26.767        54.3195         5.7499       -13.5638
133        54.3194        35.5116        26.6911        54.3194        5.70483       -13.5881
134        54.3194        35.6406        26.6297        54.3194        5.65958       -13.6105
135        54.3194        35.7529        26.5835        54.3194         5.6142       -13.6312
136        54.3193        35.8478         26.553        54.3193        5.56872       -13.6501
137        54.3193        35.9247        26.5388        54.3193         5.5232       -13.6674
138        54.3193        35.9833        26.5414        54.3193        5.47767       -13.6831
139        54.3193        36.0231        26.5611        54.3193        5.43218       -13.6971
140        54.3192        36.0436        26.5984        54.3192        5.38676       -13.7096
141        54.3192        36.0446        26.6537        54.3192        5.34145       -13.7205
142        54.3192        36.0257        26.7272        54.3192        5.29628         -13.73
143        54.3192        35.9868        26.8191        54.3192        5.25129        -13.738
144        54.3192        35.9278        26.9295        54.3192         5.2065       -13.7446
145        54.3192        35.8488        27.0583        54.3192        5.16194       -13.7499
146        54.3192          35.75        27.2053        54.3192        5.11763       -13.7538
147        54.3192        35.6319        27.3702        54.3192         5.0736       -13.7565
148        54.3192         35.495        27.5524        54.3192        5.02986        -13.758
149        54.3193        35.3401        27.7512        54.3193        4.98644       -13.7584
150        54.3193        35.1682        27.9654        54.3193        4.94333       -13.7576
151        54.3194        34.9806        28.1941        54.3194        4.90056       -13.7558
152        54.3195        34.7788        28.4355        54.3195        4.85813        -13.753
153        54.3196        34.5646        28.6882        54.3196        4.81605       -13.7492
154        54.3197        34.3399          28.95        54.3197        4.77433       -13.7445
155        54.3199        34.1072        29.2187        54.3199        4.73295        -13.739
156          54.32        33.8689        29.4918          54.32        4.69193       -13.7327
157        54.3202        33.6278        29.7667        54.3202        4.65126       -13.7256
158        54.3204        33.3869        30.0404        54.3204        4.61093       -13.7179
159        54.3205        33.1494        30.3098        54.3205        4.57094       -13.7095
160        54.3207        32.9185        30.5715        54.3207        4.53127       -13.7006
161        54.3209        32.6977        30.8224        54.3209        4.49192       -13.6911
162        54.3211        32.4904         31.059        54.3211        4.45287       -13.6812
163        54.3213        32.2999        31.2781        54.3213        4.41412       -13.6708
164        54.3215        32.1295        31.4763        54.3215        4.37563         -13.66
165        54.3217        31.9823        31.6508        54.3217        4.33741       -13.6488
166        54.3218        31.8611        31.7986        54.3218        4.29942       -13.6373
167        54.3219        31.7685        31.9173        54.3219        4.26165       -13.6255
168         54.322        31.7067        32.0048         54.322        4.22408       -13.6135
169        54.3221        31.6773        32.0593        54.3221        4.18669       -13.6012
170        54.3221        31.6817        32.0796        54.3221        4.14947       -13.5886
171        54.3222        31.7206         32.065        54.3222        4.11239       -13.5759
172        54.3221        31.7943        32.0154        54.3221        4.07543       -13.5629
173        54.3221        31.9022        31.9311        54.3221        4.03858       -13.5498
174         54.322        32.0436         31.813         54.322        4.00183       -13.5364
175        54.3218         32.217        31.6626        54.3218        3.96515       -13.5229
176        54.3217        32.4203        31.4819        54.3217        3.92855       -13.5091
177        54.3215        32.6513        31.2732        54.3215          3.892       -13.4951
178        54.3213        32.9071        31.0395        54.3213        3.85552       -13.4808
179        54.3211        33.1844         30.784        54.3211        3.81909       -13.4663
180        54.3208        33.4796          30.51        54.3208        3.78273       -13.4515
181        54.3206        33.7892        30.2214        54.3206        3.74644       -13.4364
182        54.3204         34.109        29.9221        54.3204        3.71023        -13.421
183        54.3201        34.4351        29.6161        54.3201        3.67412       -13.4052
184        54.3199        34.7634        29.3073        54.3199        3.63813       -13.3889
185        54.3196        35.0897        28.9999        54.3196        3.60228       -13.3723
186        54.3194        35.4102        28.6978        54.3194        3.56659       -13.3552
187        54.3192        35.7209        28.4048        54.3192        3.53111       -13.3376
188         54.319        36.0181        28.1245         54.319        3.49585       -13.3195
189        54.3188        36.2982        27.8606        54.3188        3.46085       -13.3009
190        54.3186        36.5579        27.6162        54.3186        3.42614       -13.2817
191        54.3184         36.794        27.3945        54.3184        3.39175       -13.2619
192        54.3183         37.004         27.198        54.3183        3.35772       -13.2414
193        54.3181        37.1853        27.0292        54.3181        3.32407       -13.2204
194         54.318        37.3357        26.8902         54.318        3.29083       -13.1987
195        54.3179        37.4532         26.783        54.3179        3.25802       -13.1763
196        54.3178        37.5361        26.7094        54.3178        3.22567       -13.1533
197        54.3178        37.5828        26.6708        54.3178        3.19379       -13.1296
198        54.3177        37.5921        26.6684        54.3177         3.1624       -13.1052
199        54.3177        37.5632        26.7031        54.3177         3.1315       -13.0802
200        54.3176        37.4954        26.7756        54.3176        3.10109       -13.0545
201        54.3176        37.3884        26.8862        54.3176        3.07118       -13.0281
202        54.3176        37.2419        27.0351        54.3176        3.04176       -13.0011
203        54.3177        37.0563        27.2221        54.3177        3.01282       -12.9735
204        54.3177        36.8319        27.4468        54.3177        2.98434       -12.9453
205        54.3177        36.5696        27.7084        54.3177         2.9563       -12.9166
206        54.3178        36.2705        28.0059        54.3178        2.92869       -12.8873
207        54.3179         35.936        28.3379        54.3179        2.90148       -12.8575
208         54.318        35.5676        28.7031         54.318        2.87464       -12.8273
209        54.3181        35.1674        29.0993        54.3181        2.84813       -12.7967
210        54.3183        34.7376        29.5244        54.3183        2.82194       -12.7657
211        54.3184        34.2809        29.9759        54.3184        2.79603       -12.7344
212        54.3186        33.8002         30.451        54.3186        2.77038       -12.7029
213        54.3188        33.2986        30.9465        54.3188        2.74495       -12.6712
214         54.319        32.7796         31.459         54.319        2.71972       -12.6394
215        54.3192        32.2471        31.9849        54.3192        2.69467       -12.6075
216        54.3195        31.7052        32.5201        54.3195        2.66977       -12.5756
217        54.3197         31.158        33.0604        54.3197        2.64502       -12.5438
218          54.32        30.6103        33.6014          54.32        2.62041        -12.512
219        54.3203        30.0666        34.1383        54.3203        2.59592       -12.4805
220        54.3206        29.5319        34.6664        54.3206        2.57156       -12.4492
221        54.3209        29.0109        35.1809        54.3209        2.54732       -12.4183
222        54.3212        28.5088        35.6769        54.3212        2.52323       -12.3877
223        54.3215        28.0303        36.1494        54.3215        2.49928       -12.3575
224        54.3218        27.5803        36.5939        54.3218        2.47549       -12.3279
225        54.3221        27.1633        37.0057        54.3221        2.45188       -12.2988
226        54.3223        26.7836        37.3804        54.3223        2.42848       -12.2702
227        54.3225        26.4454        37.7142        54.3225        2.40529       -12.2423
228        54.3227        26.1522        38.0033        54.3227        2.38234       -12.2151
229        54.3229        25.9071        38.2448        54.3229        2.35965       -12.1886
230         54.323        25.7128        38.4358         54.323        2.33723       -12.1628
231        54.3231        25.5714        38.5744        54.3231        2.31511       -12.1378
232        54.3232        25.4844         38.659        54.3232        2.29329       -12.1135
233        54.3232        25.4526        38.6889        54.3232        2.27178       -12.0901
234        54.3232        25.4762        38.6637        54.3232        2.25059       -12.0674
235        54.3231        25.5549        38.5839        54.3231        2.22972       -12.0455
236         54.323        25.6876        38.4506         54.323        2.20916       -12.0243
237        54.3229        25.8726        38.2653        54.3229         2.1889       -12.0039
238        54.3227        26.1077        38.0303        54.3227        2.16894       -11.9842
239        54.3225        26.3901        37.7484        54.3225        2.14927       -11.9652
240        54.3223        26.7166        37.4227        54.3223        2.12986       -11.9469
241         54.322        27.0836        37.0569         54.322        2.11071       -11.9292
242        54.3218         27.487        36.6551        54.3218        2.09179       -11.9121
243        54.3215        27.9225        36.2214        54.3215        2.07308       -11.8955
244        54.3212        28.3856        35.7603        54.3212        2.05458       -11.8793
245        54.3209        28.8717        35.2766        54.3209        2.03627       -11.8636
246        54.3206        29.3759        34.7748        54.3206        2.01814       -11.8482
247        54.3203        29.8936        34.2598        54.3203        2.00017       -11.8332
248        54.3201        30.4197        33.7363        54.3201        1.98237       -11.8183
249        54.3198        30.9498        33.2089        54.3198        1.96474       -11.8036
250        54.3196        31.4792        32.6821        54.3196        1.94727       -11.7891
251        54.3193        32.0035        32.1604        54.3193        1.92998       -11.7745
252        54.3191        32.5184        31.6477        54.3191        1.91286       -11.7599
253        54.3189          33.02        31.1481        54.3189        1.89595       -11.7453
254        54.3187        33.5045        30.6653        54.3187        1.87925       -11.7304
255        54.3185        33.9683        30.2028        54.3185        1.86278       -11.7154
256        54.3183        34.4082        29.7636        54.3183        1.84657       -11.7001
257        54.3182        34.8213        29.3508        54.3182        1.83063       -11.6845
258        54.3181        35.2047        28.9669        54.3181        1.81498       -11.6685
259        54.3179        35.5562        28.6142        54.3179        1.79966       -11.6521
260        54.3178        35.8735        28.2949        54.3178        1.78467       -11.6352
261        54.3178        36.1549        28.0107        54.3178        1.77004       -11.6178
262        54.3177        36.3986        27.7631        54.3177        1.75578       -11.5998
263        54.3176        36.6035        27.5535        54.3176        1.74191       -11.5813
264        54.3176        36.7685        27.3829        54.3176        1.72844       -11.5622
265        54.3176        36.8926        27.2521        54.3176        1.71537       -11.5425
266        54.3176        36.9753        27.1616        54.3176         1.7027       -11.5221
267        54.3176        37.0163        27.1118        54.3176        1.69044        -11.501
268        54.3176        37.0155        27.1028        54.3176        1.67857       -11.4793
269        54.3176        36.9729        27.1346        54.3176        1.66708        -11.457
270        54.3176        36.8889        27.2067        54.3176        1.65596       -11.4339
271        54.3177        36.7641        27.3186        54.3177        1.64519       -11.4102
272        54.3177        36.5993        27.4696        54.3177        1.63473       -11.3859
273        54.3178        36.3954        27.6588        54.3178        1.62457        -11.361
274        54.3179        36.1537        27.8849        54.3179        1.61466       -11.3354
275         54.318        35.8757        28.1466         54.318        1.60498       -11.3092
276        54.3181         35.563        28.4421        54.3181        1.59548       -11.2825
277        54.3182        35.2176        28.7697        54.3182        1.58613       -11.2553
278        54.3183        34.8417        29.1273        54.3183        1.57688       -11.2276
279        54.3184        34.4376        29.5126        54.3184         1.5677       -11.1995
280        54.3186        34.0079        29.9231        54.3186        1.55854        -11.171
281        54.3188        33.5554        30.3561        54.3188        1.54938       -11.1421
282        54.3189        33.0831        30.8086        54.3189        1.54017       -11.1129
283        54.3191        32.5943        31.2775        54.3191        1.53088       -11.0835
284        54.3193        32.0922        31.7596        54.3193        1.52149       -11.0539
285        54.3196        31.5804        32.2513        54.3196        1.51197       -11.0242
286        54.3198        31.0627        32.7492        54.3198        1.50231       -10.9944
287          54.32        30.5427        33.2494          54.32        1.49248       -10.9646
288        54.3202        30.0244        33.7482        54.3202        1.48248       -10.9348
289        54.3205        29.5116        34.2418        54.3205        1.47231       -10.9052
290        54.3207        29.0082        34.7263        54.3207        1.46198       -10.8757
291        54.3209        28.5182        35.1978        54.3209        1.45149       -10.8465
292        54.3212        28.0453        35.6526        54.3212        1.44085       -10.8175
293        54.3214        27.5933        36.0869        54.3214        1.43009       -10.7889
294        54.3216        27.1659        36.4972        54.3216        1.41923       -10.7607
295        54.3218        26.7663        36.8802        54.3218         1.4083        -10.733
296         54.322        26.3978        37.2325         54.322        1.39733       -10.7057
297        54.3221        26.0633        37.5514        54.3221        1.38635       -10.6789
298        54.3223        25.7656        37.8341        54.3223         1.3754       -10.6528
299        54.3224        25.5069        38.0782        54.3224        1.36451       -10.6272
300        54.3225        25.2893        38.2819        54.3225        1.35372       -10.6023
301        54.3226        25.1144        38.4433        54.3226        1.34306       -10.5781
302        54.3227        24.9834        38.5612        54.3227        1.33256       -10.5545
303        54.3227        24.8974        38.6347        54.3227        1.32225       -10.5317
304        54.3227        24.8568        38.6633        54.3227        1.31217       -10.5096
305        54.3227        24.8617        38.6469        54.3227        1.30233       -10.4882
306        54.3227        24.9118        38.5856        54.3227        1.29275       -10.4675
307        54.3226        25.0066        38.4801        54.3226        1.28346       -10.4475
308        54.3225        25.1449        38.3315        54.3225        1.27446       -10.4283
309        54.3224        25.3254        38.1409        54.3224        1.26577       -10.4097
310        54.3223        25.5466        37.9102        54.3223        1.25739       -10.3918
311        54.3222        25.8063        37.6412        54.3222        1.24933       -10.3746
312         54.322        26.1023        37.3361         54.322        1.24158        -10.358
313        54.3219        26.4322        36.9975        54.3219        1.23414       -10.3419
314        54.3217        26.7932        36.6279        54.3217        1.22702       -10.3264
315        54.3215        27.1825        36.2302        54.3215         1.2202       -10.3114
316        54.3213        27.5971        35.8074        54.3213        1.21367       -10.2969
317        54.3211        28.0339        35.3625        54.3211        1.20744       -10.2827
318         54.321        28.4896        34.8988         54.321         1.2015       -10.2689
319        54.3208         28.961        34.4193        54.3208        1.19585       -10.2554
320        54.3206        29.4449        33.9273        54.3206        1.19048       -10.2421
321        54.3204        29.9381        33.4259        54.3204        1.18538        -10.229
322        54.3202        30.4374        32.9183        54.3202        1.18057       -10.2161
323          54.32        30.9396        32.4075          54.32        1.17605       -10.2031
324        54.3199        31.4418        31.8965        54.3199        1.17181       -10.1902
325        54.3197         31.941        31.3881        54.3197        1.16788       -10.1772
326        54.3196        32.4344        30.8851        54.3196        1.16424       -10.1641
327        54.3194        32.9194        30.3899        54.3194        1.16093       -10.1508
328        54.3193        33.3935        29.9051        54.3193        1.15795       -10.1372
329        54.3192        33.8544        29.4328        54.3192        1.15532       -10.1233
330        54.3191        34.2999        28.9752        54.3191        1.15305       -10.1091
331         54.319        34.7281        28.5342         54.319        1.15116       -10.0944
332        54.3189         35.137        28.1115        54.3189        1.14967       -10.0792
333        54.3189        35.5251        27.7087        54.3189        1.14859       -10.0635
334        54.3188        35.8909        27.3271        54.3188        1.14795       -10.0472
335        54.3188        36.2331        26.9681        54.3188        1.14776       -10.0302
336        54.3187        36.5506        26.6326        54.3187        1.14804       -10.0126
337        54.3187        36.8425        26.3216        54.3187         1.1488       -9.99418
338        54.3187        37.1078        26.0358        54.3187        1.15004       -9.97502
339        54.3187        37.3461        25.7758        54.3187        1.15179       -9.95504
340        54.3186        37.5568         25.542        54.3186        1.15404       -9.93421
341        54.3186        37.7396        25.3347        54.3186        1.15681       -9.91249
342        54.3187        37.8942        25.1542        54.3187        1.16009       -9.88985
343        54.3187        38.0205        25.0005        54.3187        1.16388       -9.86627
344        54.3187        38.1187        24.8735        54.3187        1.16816       -9.84172
345        54.3187        38.1889        24.7731        54.3187        1.17295       -9.81617
346        54.3187        38.2313        24.6989        54.3187         1.1782       -9.78962
347        54.3188        38.2463        24.6506        54.3188        1.18392       -9.76204
348        54.3188        38.2345        24.6277        54.3188        1.19008       -9.73342
349        54.3189        38.1964        24.6296        54.3189        1.19666       -9.70376
350        54.3189        38.1326        24.6557        54.3189        1.20362       -9.67305
351         54.319        38.0441        24.7052         54.319        1.21094       -9.64128
352        54.3191        37.9317        24.7773        54.3191        1.21858       -9.60845
353        54.3191        37.7966        24.8706        54.3191         1.2265       -9.57458
354        54.3192        37.6399        24.9843        54.3192        1.23467       -9.53965
355        54.3193        37.4626        25.1173        54.3193        1.24305       -9.50368
356        54.3194         37.266        25.2685        54.3194        1.25159       -9.46669
357        54.3194        37.0514        25.4364        54.3194        1.26026       -9.42867
358        54.3195        36.8202          25.62        54.3195          1.269       -9.38965
359        54.3196        36.5737        25.8178        54.3196        1.27778       -9.34964
360        54.3197        36.3131        26.0287        54.3197        1.28655       -9.30867
361        54.3198        36.0399        26.2513        54.3198        1.29527       -9.26674
362        54.3199        35.7559         26.484        54.3199         1.3039       -9.22389
363          54.32        35.4625        26.7252          54.32        1.31239       -9.18014
364          54.32        35.1613        26.9736          54.32        1.32071        -9.1355
365        54.3201        34.8538        27.2276        54.3201        1.32882       -9.09002
366        54.3202        34.5415        27.4857        54.3202        1.33668       -9.04371
367        54.3204        34.2262        27.7464        54.3204        1.34428        -8.9966
368        54.3205        33.9097        28.0079        54.3205        1.35157       -8.94872
369        54.3206        33.5936        28.2685        54.3206        1.35853        -8.9001
370        54.3207        33.2796        28.5266        54.3207        1.36515       -8.85076
371        54.3208        32.9695        28.7806        54.3208        1.37141       -8.80074
372        54.3209        32.6649        29.0287        54.3209        1.37729       -8.75007
373        54.3209        32.3674        29.2696        54.3209        1.38279       -8.69877
374         54.321        32.0783        29.5017         54.321         1.3879       -8.64688
375        54.3211        31.7992        29.7237        54.3211        1.39262       -8.59441
376        54.3212        31.5315        29.9341        54.3212        1.39696       -8.54139
377        54.3213        31.2764        30.1318        54.3213        1.40093       -8.48786
378        54.3214        31.0352        30.3154        54.3214        1.40454       -8.43383
379        54.3214        30.8091        30.4838        54.3214         1.4078       -8.37932
380        54.3215        30.5992        30.6359        54.3215        1.41073       -8.32436
381        54.3215        30.4065        30.7707        54.3215        1.41336       -8.26897
382        54.3216        30.2318        30.8873        54.3216        1.41571       -8.21316
383        54.3216        30.0759        30.9848        54.3216        1.41781       -8.15695
384        54.3217        29.9396        31.0627        54.3217        1.41969       -8.10036
385        54.3217        29.8233        31.1204        54.3217        1.42139       -8.04338
386        54.3217        29.7273        31.1575        54.3217        1.42293       -7.98604
387        54.3217        29.6517         31.174        54.3217        1.42437       -7.92834
388        54.3217        29.5967        31.1696        54.3217        1.42572       -7.87028
389        54.3217        29.5621        31.1445        54.3217        1.42705       -7.81186
390        54.3217        29.5478        31.0986        54.3217        1.42837       -7.75309
391        54.3217        29.5533        31.0326        54.3217        1.42974       -7.69396
392        54.3216        29.5782        30.9468        54.3216        1.43119       -7.63447
393        54.3216        29.6218        30.8416        54.3216        1.43275        -7.5746
394        54.3216        29.6838        30.7177        54.3216        1.43448       -7.51436
395        54.3215        29.7632        30.5756        54.3215        1.43641       -7.45372
396        54.3215        29.8594        30.4162        54.3215        1.43857       -7.39267
397        54.3214        29.9712        30.2404        54.3214          1.441        -7.3312
398        54.3213        30.0977        30.0492        54.3213        1.44374       -7.26929
399        54.3213        30.2377        29.8437        54.3213        1.44682       -7.20692
400        54.3212        30.3897        29.6252        54.3212        1.45027       -7.14406
401        54.3211        30.5523        29.3954        54.3211        1.45412       -7.08069
402         54.321        30.7241        29.1553         54.321        1.45839       -7.01679
403        54.3209        30.9036        28.9065        54.3209        1.46313       -6.95233
404        54.3208        31.0894        28.6504        54.3208        1.46833       -6.88729
405        54.3207          31.28        28.3883        54.3207        1.47403       -6.82163
406        54.3206         31.474        28.1217        54.3206        1.48025       -6.75533
407        54.3205        31.6698        27.8521        54.3205        1.48699       -6.68836
408        54.3205         31.866        27.5809        54.3205        1.49428       -6.62068
409        54.3204        32.0609        27.3096        54.3204        1.50211       -6.55227
410        54.3203        32.2533        27.0396        54.3203         1.5105       -6.48311
411        54.3202        32.4415        26.7723        54.3202        1.51945       -6.41315
412        54.3201        32.6243        26.5092        54.3201        1.52895       -6.34237
413          54.32           32.8        26.2517          54.32        1.53901       -6.27074
414        54.3199        32.9676         26.001        54.3199        1.54961       -6.19823
415        54.3198        33.1255        25.7584        54.3198        1.56074       -6.12482
416        54.3197        33.2726        25.5252        54.3197        1.57239       -6.05048
417        54.3197        33.4077        25.3026        54.3197        1.58454       -5.97518
418        54.3196        33.5296        25.0917        54.3196        1.59717       -5.89891
419        54.3195        33.6374        24.8935        54.3195        1.61023       -5.82164
420        54.3195        33.7301         24.709        54.3195        1.62372       -5.74335
421        54.3194        33.8068         24.539        54.3194        1.63758       -5.66402
422        54.3193        33.8668        24.3844        54.3193        1.65177       -5.58364
423        54.3193        33.9094        24.2458        54.3193        1.66626        -5.5022
424        54.3192        33.9341        24.1239        54.3192        1.68099       -5.41968
425        54.3192        33.9404         24.019        54.3192        1.69592       -5.33608
426        54.3192         33.928        23.9316        54.3192        1.71099       -5.25139
427        54.3192        33.8969        23.8617        54.3192        1.72613        -5.1656
428        54.3192         33.847        23.8096        54.3192        1.74129       -5.07873
429        54.3191        33.7784        23.7751        54.3191        1.75641       -4.99076
430        54.3191        33.6913        23.7581        54.3191        1.77142        -4.9017
431        54.3191        33.5858        23.7586        54.3191        1.78625       -4.81156
432        54.3191        33.4625        23.7762        54.3191        1.80084       -4.72036
433        54.3192        33.3223        23.8099        54.3192        1.81512        -4.6281
434        54.3192        33.1657        23.8592        54.3192        1.82902        -4.5348
435        54.3193        32.9938        23.9234        54.3193        1.84248       -4.44048
436        54.3193        32.8078        24.0013        54.3193        1.85542       -4.34516
437        54.3194        32.6089        24.0915        54.3194         1.8678       -4.24886
438        54.3195         32.399        24.1926        54.3195        1.87956       -4.15162
439        54.3196        32.1797        24.3028        54.3196        1.89063       -4.05345
440        54.3197        31.9528        24.4203        54.3197        1.90099       -3.95438
441        54.3198        31.7204        24.5433        54.3198        1.91058       -3.85446
442          54.32        31.4845        24.6697          54.32        1.91937        -3.7537
443        54.3201        31.2473        24.7976        54.3201        1.92735       -3.65215
444        54.3202        31.0107        24.9249        54.3202         1.9345       -3.54984
445        54.3203        30.7769        25.0494        54.3203         1.9408       -3.44681
446        54.3205        30.5481        25.1692        54.3205        1.94627       -3.34308
447        54.3206        30.3261        25.2823        54.3206         1.9509        -3.2387
448        54.3207        30.1127        25.3869        54.3207        1.95471       -3.13371
449        54.3208        29.9098        25.4814        54.3208        1.95774       -3.02813
450        54.3209        29.7188        25.5641        54.3209        1.96001       -2.92201
451        54.3209        29.5409        25.6338        54.3209        1.96157       -2.81538
452         54.321        29.3773        25.6895         54.321        1.96245       -2.70826
453         54.321        29.2287        25.7303         54.321         1.9627        -2.6007
454         54.321        29.0957        25.7556         54.321        1.96239       -2.49272
455         54.321        28.9785        25.7653         54.321        1.96156       -2.38436
456         54.321        28.8771        25.7593         54.321        1.96026       -2.27563
457         54.321         28.791         25.738         54.321        1.95857       -2.16657
458        54.3209        28.7198        25.7019        54.3209        1.95652        -2.0572
459        54.3209        28.6628        25.6515        54.3209        1.95418       -1.94755
460        54.3208        28.6189        25.5879        54.3208         1.9516       -1.83763
461        54.3207         28.587        25.5124        54.3207        1.94882       -1.72747
462        54.3207        28.5656        25.4262        54.3207        1.94589       -1.61708
463        54.3206        28.5535        25.3307        54.3206        1.94283       -1.50649
464        54.3205        28.5489        25.2275        54.3205         1.9397       -1.39571
465        54.3204        28.5503        25.1183        54.3204        1.93651       -1.28476
466        54.3202        28.5558        25.0049        54.3202        1.93328       -1.17365
467        54.3202        28.5637        24.8889        54.3202        1.93002        -1.0624
468        54.3201        28.5725        24.7718        54.3201        1.92675      -0.951033
469          54.32        28.5806        24.6554          54.32        1.92346      -0.839554
470        54.3199        28.5865        24.5412        54.3199        1.92014      -0.727982
471        54.3198        28.5887        24.4307        54.3198         1.9168      -0.616334
472        54.3197        28.5857        24.3252        54.3197         1.9134      -0.504626
473        54.3196        28.5765         24.226        54.3196        1.90994      -0.392876
474        54.3196          28.56        24.1343        54.3196        1.90638      -0.281101
475        54.3196        28.5354        24.0508        54.3196         1.9027      -0.169322
476        54.3195         28.502        23.9762        54.3195        1.89886     -0.0575586
477        54.3195        28.4594         23.911        54.3195        1.89484      0.0541686
478        54.3195        28.4072        23.8558        54.3195         1.8906       0.165837
479        54.3195         28.345        23.8109        54.3195         1.8861       0.277423
480        54.3195        28.2727        23.7765        54.3195        1.88131       0.388901
481        54.3195        28.1904        23.7527        54.3195        1.87618       0.500247
482        54.3195         28.098        23.7393        54.3195         1.8707       0.611432
483        54.3195        27.9961        23.7362        54.3195        1.86482       0.722429
484        54.3195         27.885        23.7429        54.3195        1.85851       0.833208
485        54.3196        27.7651         23.759        54.3196        1.85174        0.94374
486        54.3196         27.637        23.7841        54.3196        1.84449        1.05399
487        54.3196        27.5013        23.8177        54.3196        1.83673        1.16393
488        54.3197        27.3585        23.8592        54.3197        1.82845        1.27353
489        54.3197        27.2094         23.908        54.3197        1.81961        1.38275
490        54.3198        27.0546        23.9633        54.3198        1.81022        1.49155
491        54.3198         26.895        24.0246        54.3198        1.80025        1.59991
492        54.3199        26.7312        24.0911        54.3199         1.7897        1.70779
493        54.3199        26.5641        24.1621        54.3199        1.77858        1.81516
494        54.3199        26.3943        24.2368        54.3199        1.76687        1.92197
495          54.32        26.2228        24.3145          54.32        1.75458        2.02819
496          54.32        26.0501        24.3944          54.32        1.74173         2.1338
497        54.3201         25.877         24.476        54.3201        1.72831        2.23874
498        54.3201        25.7043        24.5585        54.3201        1.71435          2.343
499        54.3202        25.5326        24.6411        54.3202        1.69985        2.44653
500        54.3202        25.3626        24.7234        54.3202        1.68485         2.5493
501        54.3202        25.1949        24.8047        54.3202        1.66936        2.65128
502        54.3203        25.0301        24.8844        54.3203         1.6534        2.75244
503        54.3203        24.8687        24.9619        54.3203        1.63701        2.85274
504        54.3203        24.7112        25.0367        54.3203        1.62021        2.95216
505        54.3204        24.5582        25.1084        54.3204        1.60303        3.05066
506        54.3204        24.4101        25.1765        54.3204         1.5855        3.14822
507        54.3204        24.2673        25.2406        54.3204        1.56766         3.2448
508        54.3205        24.1302        25.3003        54.3205        1.54954         3.3404
509        54.3205        23.9992        25.3552        54.3205        1.53117        3.43497
510        54.3205        23.8745         25.405        54.3205        1.51258        3.52849
511        54.3205        23.7564        25.4493        54.3205        1.49382        3.62095
512        54.3205        23.6453         25.488        54.3205        1.47493        3.71231
513        54.3205        23.5412        25.5208        54.3205        1.45592        3.80257
514        54.3206        23.4446        25.5475        54.3206        1.43684         3.8917
515        54.3206        23.3554        25.5677        54.3206        1.41773        3.97969
516        54.3206        23.2739        25.5815        54.3206        1.39862        4.06652
517        54.3206        23.2002        25.5887        54.3206        1.37953        4.15217
518        54.3206        23.1344         25.589        54.3206        1.36051        4.23664
519        54.3206        23.0766        25.5825        54.3206        1.34159         4.3199
520        54.3206        23.0268         25.569        54.3206        1.32279        4.40197
521        54.3207        22.9852        25.5485        54.3207        1.30415        4.48281
522        54.3207         22.952        25.5206        54.3207        1.28569        4.56243
523        54.3207         22.927        25.4853        54.3207        1.26745        4.64082
524        54.3207        22.9104        25.4428        54.3207        1.24944        4.71798
525        54.3207        22.9019        25.3931        54.3207         1.2317         4.7939
526        54.3207        22.9015        25.3363        54.3207        1.21425        4.86859
527        54.3206        22.9091        25.2724        54.3206         1.1971        4.94204
528        54.3206        22.9246        25.2016        54.3206        1.18028        5.01425
529        54.3206        22.9477        25.1239        54.3206         1.1638        5.08523
530        54.3206        22.9783        25.0397        54.3206        1.14769        5.15497
531        54.3206        23.0163        24.9489        54.3206        1.13196         5.2235
532        54.3206        23.0614        24.8518        54.3206        1.11662         5.2908
533        54.3206        23.1135        24.7486        54.3206        1.10167        5.35689
534        54.3206        23.1723        24.6394        54.3206        1.08715        5.42177
535        54.3206        23.2376        24.5245        54.3206        1.07304        5.48547
536        54.3206        23.3092         24.404        54.3206        1.05937        5.54797
537        54.3206        23.3869        24.2782        54.3206        1.04613        5.60931
538        54.3205        23.4704        24.1473        54.3205        1.03333        5.66948
539        54.3205        23.5594        24.0116        54.3205        1.02097         5.7285
540        54.3205        23.6535        23.8716        54.3205        1.00906        5.78639
541        54.3205        23.7522        23.7275        54.3205       0.997601        5.84316
542        54.3205        23.8554        23.5797        54.3205       0.986583        5.89883
543        54.3204        23.9626        23.4284        54.3204       0.976009         5.9534
544        54.3204        24.0736         23.274        54.3204       0.965876        6.00691
545        54.3204        24.1882        23.1167        54.3204       0.956182        6.05936
546        54.3204         24.306        22.9568        54.3204        0.94692        6.11077
547        54.3204        24.4264        22.7947        54.3204       0.938087        6.16116
548        54.3203         24.549        22.6311        54.3203       0.929676        6.21054
549        54.3203        24.6734        22.4663        54.3203        0.92168        6.25895
550        54.3203        24.7992        22.3007        54.3203       0.914091        6.30639
551        54.3203         24.926        22.1345        54.3203         0.9069        6.35288
552        54.3203        25.0537         21.968        54.3203         0.9001        6.39845
553        54.3202        25.1817        21.8017        54.3202        0.89368        6.44311
554        54.3202        25.3097         21.636        54.3202       0.887632        6.48688
555        54.3202        25.4372        21.4713        54.3202       0.881945        6.52978
556        54.3201        25.5638        21.3079        54.3201       0.876609        6.57183
557        54.3201        25.6893        21.1462        54.3201       0.871614        6.61305
558        54.3201        25.8132        20.9865        54.3201       0.866949        6.65346
559          54.32        25.9351        20.8293          54.32       0.862603        6.69307
560          54.32        26.0545        20.6751          54.32       0.858564        6.73191
561          54.32         26.171        20.5242          54.32       0.854822        6.76999
562          54.32        26.2843         20.377          54.32       0.851365        6.80733
563          54.32        26.3942        20.2337          54.32       0.848182        6.84395
564          54.32        26.5007        20.0942          54.32       0.845262        6.87986
565          54.32        26.6034        19.9589          54.32       0.842595        6.91509
566        54.3199        26.7021         19.828        54.3199       0.840168        6.94963
567        54.3199        26.7965        19.7019        54.3199       0.837973        6.98352
568        54.3199        26.8862        19.5809        54.3199       0.835999        7.01677
569        54.3199        26.9711        19.4652        54.3199       0.834235        7.04938
570        54.3199        27.0508         19.355        54.3199       0.832671        7.08138
571        54.3198         27.125        19.2508        54.3198       0.831297        7.11278
572        54.3198        27.1933        19.1528        54.3198       0.830103        7.14358
573        54.3198        27.2555        19.0614        54.3198        0.82908         7.1738
574        54.3198         27.311        18.9771        54.3198       0.828216        7.20346
575        54.3197        27.3596        18.9001        54.3197       0.827503        7.23255
576        54.3197         27.401        18.8307        54.3197        0.82693        7.26109
577        54.3197        27.4348        18.7693        54.3197       0.826488        7.28909
578        54.3197        27.4608        18.7161        54.3197       0.826168        7.31655
579        54.3196        27.4787        18.6715        54.3196        0.82596        7.34348
580        54.3196        27.4881        18.6357        54.3196       0.825856        7.36989
581        54.3196        27.4889         18.609        54.3196       0.825847        7.39577
582        54.3196        27.4809        18.5916        54.3196       0.825923        7.42114
583        54.3196        27.4638        18.5837        54.3196       0.826077        7.44599
584        54.3196        27.4376        18.5853        54.3196       0.826302        7.47033
585        54.3195        27.4021        18.5967        54.3195       0.826589        7.49415
586        54.3195        27.3573        18.6178        54.3195       0.826931        7.51746
587        54.3195        27.3032        18.6487        54.3195       0.827323        7.54024
588        54.3195        27.2398        18.6895        54.3195       0.827758        7.56251
589        54.3195        27.1671          18.74        54.3195        0.82823        7.58424
590        54.3195        27.0852        18.8001        54.3195       0.828736        7.60545
591        54.3195        26.9944        18.8697        54.3195        0.82927        7.62611
592        54.3195        26.8949        18.9486        54.3195        0.82983        7.64623
593        54.3196        26.7868        19.0366        54.3196       0.830413        7.66579
594        54.3196        26.6705        19.1332        54.3196       0.831018        7.68479
595        54.3196        26.5465        19.2382        54.3196       0.831643        7.70321
596        54.3196        26.4152        19.3511        54.3196        0.83229        7.72104
597        54.3197         26.277        19.4714        54.3197       0.832958        7.73828
598        54.3197        26.1326        19.5985        54.3197       0.833651         7.7549
599        54.3197        25.9826        19.7319        54.3197       0.834371         7.7709
600        54.3198        25.8276        19.8708        54.3198       0.835122        7.78625
601        54.3198        25.6683        20.0146        54.3198        0.83591        7.80095
602        54.3199        25.5056        20.1625        54.3199       0.836742        7.81498
603        54.3199        25.3403        20.3136        54.3199       0.837623        7.82832
604          54.32        25.1733        20.4671          54.32       0.838563        7.84096
605          54.32        25.0057        20.6219          54.32        0.83957        7.85289
606        54.3201        24.8383        20.7771        54.3201       0.840654        7.86408
607        54.3201        24.6721        20.9317        54.3201       0.841826        7.87452
608        54.3202         24.508        21.0849        54.3202       0.843097        7.88419
609        54.3202        24.3471        21.2355        54.3202       0.844478        7.89309
610        54.3203        24.1904        21.3828        54.3203       0.845982        7.90119
611        54.3204        24.0387        21.5256        54.3204       0.847621        7.90848
612        54.3204         23.893        21.6631        54.3204       0.849406        7.91495
613        54.3205        23.7542        21.7944        54.3205       0.851351        7.92059
614        54.3205        23.6232        21.9185        54.3205       0.853465        7.92538
615        54.3206        23.5008        22.0347        54.3206       0.855762        7.92931
616        54.3206        23.3877        22.1423        54.3206       0.858252        7.93238
617        54.3207        23.2848        22.2404        54.3207       0.860944        7.93457
618        54.3207        23.1925        22.3284        54.3207       0.863848        7.93588
619        54.3207        23.1116        22.4059        54.3207       0.866971        7.93631
620        54.3208        23.0424        22.4722        54.3208       0.870322        7.93584
621        54.3208        22.9856        22.5269        54.3208       0.873904        7.93447
622        54.3208        22.9415        22.5694        54.3208       0.877724        7.93221
623        54.3208        22.9104        22.5995        54.3208       0.881783        7.92906
624        54.3208        22.8926        22.6172        54.3208       0.886082        7.92501
625        54.3208         22.888        22.6222        54.3208       0.890623        7.92007
626        54.3208        22.8967        22.6145        54.3208       0.895402        7.91424
627        54.3208        22.9188        22.5941        54.3208       0.900417        7.90753
628        54.3208        22.9541        22.5611        54.3208       0.905662        7.89995
629        54.3208        23.0024        22.5157        54.3208       0.911133        7.89151
630        54.3208        23.0634        22.4583        54.3208        0.91682        7.88221
631        54.3208        23.1368        22.3892        54.3208       0.922716        7.87208
632        54.3207        23.2221        22.3087        54.3207       0.928809        7.86113
633        54.3207        23.3189        22.2173        54.3207       0.935089        7.84936
634        54.3207        23.4268        22.1155        54.3207       0.941544        7.83681
635        54.3206        23.5451        22.0039        54.3206       0.948161        7.82347
636        54.3206        23.6734         21.883        54.3206       0.954925        7.80939
637        54.3206        23.8113         21.753        54.3206       0.961823        7.79457
638        54.3206        23.9583        21.6144        54.3206       0.968839        7.77904
639        54.3205        24.1139        21.4678        54.3205       0.975958        7.76281
640        54.3205        24.2774         21.314        54.3205       0.983165        7.74592
641        54.3205         24.448        21.1536        54.3205       0.990444        7.72839
642        54.3204        24.6251        20.9873        54.3204        0.99778        7.71023
643        54.3204        24.8079        20.8158        54.3204        1.00516        7.69149
644        54.3203        24.9958        20.6398        54.3203        1.01256        7.67218
645        54.3203        25.1879        20.4601        54.3203        1.01998        7.65232
646        54.3203        25.3836        20.2773        54.3203        1.02739        7.63196
647        54.3202        25.5823         20.092        54.3202        1.03479        7.61111
648        54.3202        25.7831        19.9051        54.3202        1.04216         7.5898
649        54.3201        25.9855        19.7171        54.3201        1.04948        7.56806
650        54.3201        26.1888        19.5286        54.3201        1.05676        7.54592
651        54.3201        26.3924        19.3404        54.3201        1.06398         7.5234
652          54.32        26.5955        19.1529          54.32        1.07112        7.50053
653          54.32        26.7978        18.9667          54.32        1.07819        7.47735
654          54.32        26.9986        18.7824          54.32        1.08517        7.45387
655          54.32        27.1973        18.6005          54.32        1.09205        7.43012
656        54.3199        27.3936        18.4214        54.3199        1.09884        7.40614
657        54.3199        27.5869        18.2456        54.3199        1.10552        7.38194
658        54.3199        27.7768        18.0734        54.3199        1.11209        7.35756
659        54.3199         27.963        17.9053        54.3199        1.11855        7.33301
660        54.3199         28.145        17.7416        54.3199         1.1249        7.30832
661        54.3199        28.3226        17.5826        54.3199        1.13113        7.28352
662        54.3199        28.4955        17.4285        54.3199        1.13725        7.25863
663        54.3199        28.6633        17.2796        54.3199        1.14325        7.23367
664        54.3199        28.8259        17.1362        54.3199        1.14914        7.20866
665        54.3199         28.983        16.9983        54.3199         1.1549        7.18363
666        54.3199        29.1345        16.8662        54.3199        1.16056        7.15859
667        54.3199        29.2803        16.7398        54.3199         1.1661        7.13357
668        54.3199        29.4204        16.6194        54.3199        1.17154        7.10857
669        54.3199        29.5545        16.5049        54.3199        1.17686        7.08363
670        54.3198        29.6826        16.3964        54.3198        1.18209        7.05876
671        54.3197         29.804        16.2945        54.3197        1.18721        7.03397
672        54.3197        29.9182           16.2        54.3197        1.19223        7.00928
673        54.3197        30.0248         16.113        54.3197        1.19716        6.98471
674        54.3197        30.1236        16.0338        54.3197          1.202        6.96026
675        54.3197        30.2146        15.9624        54.3197        1.20676        6.93596
676        54.3197        30.2976        15.8989        54.3197        1.21143         6.9118
677        54.3197        30.3724        15.8434        54.3197        1.21604        6.88781
678        54.3197        30.4391         15.796        54.3197        1.22057        6.86399
679        54.3197        30.4975        15.7568        54.3197        1.22503        6.84035
680        54.3197        30.5475        15.7258        54.3197        1.22944         6.8169
681        54.3197        30.5891        15.7032        54.3197        1.23379        6.79365
682        54.3197        30.6221        15.6889        54.3197        1.23809        6.77059
683        54.3197        30.6465        15.6831        54.3197        1.24235        6.74774
684        54.3197         30.662         15.686        54.3197        1.24656        6.72509
685        54.3197        30.6685        15.6977        54.3197        1.25073        6.70266
686        54.3197        30.6662        15.7182        54.3197        1.25487        6.68043
687        54.3197        30.6548        15.7474        54.3197        1.25898        6.65841
688        54.3196        30.6345        15.7854        54.3196        1.26306        6.63661
689        54.3196        30.6051        15.8324        54.3196        1.26713        6.61501
690        54.3197        30.5666        15.8883        54.3197        1.27117        6.59361
691        54.3196         30.519         15.953        54.3196         1.2752        6.57242
692        54.3196        30.4627        16.0263        54.3196        1.27922        6.55142
693        54.3196        30.3976        16.1082        54.3196        1.28323         6.5306
694        54.3196        30.3236        16.1988        54.3196        1.28723        6.50997
695        54.3196         30.241        16.2979        54.3196        1.29124        6.48951
696        54.3196        30.1496        16.4056        54.3196        1.29524        6.46921
697        54.3196        30.0496        16.5217        54.3196        1.29925        6.44906
698        54.3196        29.9412        16.6461        54.3196        1.30326        6.42906
699        54.3196        29.8245        16.7787        54.3196        1.30728        6.40918
700        54.3196        29.6997        16.9192        54.3196        1.31131        6.38942
701        54.3197        29.5673        17.0673        54.3197        1.31536        6.36976
702        54.3197        29.4276        17.2224        54.3197        1.31943        6.35019
703        54.3197        29.2813        17.3842        54.3197        1.32351        6.33068
704        54.3198         29.129        17.5519        54.3198        1.32762        6.31123
705        54.3198        28.9714        17.7249        54.3198        1.33176        6.29182
706        54.3199        28.8094        17.9022        54.3199        1.33592        6.27242
707        54.3199         28.644        18.0828        54.3199        1.34011        6.25303
708          54.32        28.4763        18.2658          54.32        1.34433        6.23361
709        54.3201        28.3076        18.4497        54.3201        1.34859        6.21416
710        54.3201        28.1391        18.6335        54.3201        1.35288        6.19466
711        54.3202        27.9724        18.8156        54.3202        1.35721        6.17508
712        54.3203        27.8088        18.9945        54.3203        1.36157        6.15542
713        54.3204        27.6501        19.1687        54.3204        1.36597        6.13564
714        54.3205        27.4978        19.3366        54.3205        1.37041        6.11573
715        54.3206        27.3535        19.4965        54.3206        1.37488        6.09569
716        54.3207         27.219        19.6469        54.3207        1.37938        6.07548
717        54.3208        27.0957        19.7861        54.3208        1.38392        6.05511
718        54.3209        26.9852        19.9127        54.3209        1.38847        6.03455
719         54.321        26.8889        20.0252         54.321        1.39304         6.0138
720         54.321        26.8081        20.1224         54.321        1.39763        5.99284
721        54.3211         26.744        20.2032        54.3211        1.40221        5.97167
722        54.3211        26.6974        20.2667        54.3211        1.40679        5.95028
723        54.3212         26.669        20.3121        54.3212        1.41135        5.92868
724        54.3212        26.6595         20.339        54.3212        1.41588        5.90686
725        54.3212        26.6688        20.3472        54.3212        1.42036        5.88481
726        54.3212        26.6971        20.3367        54.3212        1.42479        5.86256
727        54.3211        26.7441        20.3078        54.3211        1.42915        5.84009
728        54.3211        26.8092         20.261        54.3211        1.43342        5.81742
729         54.321        26.8918        20.1971         54.321        1.43759        5.79456
730        54.3209        26.9909        20.1169        54.3209        1.44164        5.77153
731        54.3209        27.1054        20.0216        54.3209        1.44556        5.74833
732        54.3208        27.2341        19.9124        54.3208        1.44934        5.72498
733        54.3207        27.3756        19.7907        54.3207        1.45295         5.7015
734        54.3206        27.5284        19.6579        54.3206        1.45639        5.67791
735        54.3205        27.6911        19.5155        54.3205        1.45965        5.65422
736        54.3204        27.8621        19.3652        54.3204        1.46271        5.63047
737        54.3203        28.0398        19.2083        54.3203        1.46557        5.60667
738        54.3202        28.2228        19.0464        54.3202        1.46821        5.58284
739        54.3202        28.4095         18.881        54.3202        1.47064          5.559
740        54.3201        28.5987        18.7133        54.3201        1.47284        5.53519
741          54.32         28.789        18.5448          54.32        1.47481        5.51142
742          54.32        28.9792        18.3765          54.32        1.47655        5.48772
743        54.3199        29.1681        18.2096        54.3199        1.47806        5.46412
744        54.3199        29.3548        18.0451        54.3199        1.47935        5.44062
745        54.3198        29.5384        17.8838        54.3198         1.4804        5.41726
746        54.3198        29.7181        17.7264        54.3198        1.48123        5.39406
747        54.3198        29.8933        17.5736        54.3198        1.48184        5.37104
748        54.3198        30.0634        17.4259        54.3198        1.48223        5.34822
749        54.3198         30.228        17.2838        54.3198        1.48241        5.32562
750        54.3197        30.3866        17.1475        54.3197        1.48239        5.30325
751        54.3197        30.5389        17.0176        54.3197        1.48216        5.28115
752        54.3198        30.6846        16.8941        54.3198        1.48175        5.25932
753        54.3198        30.8237        16.7771        54.3198        1.48115        5.23778
754        54.3198        30.9561        16.6667        54.3198        1.48037        5.21655
755        54.3198        31.0818        16.5629        54.3198        1.47943        5.19564
756        54.3198        31.2007        16.4657        54.3198        1.47832        5.17507
757        54.3198         31.313        16.3749        54.3198        1.47706        5.15484
758        54.3198        31.4188        16.2904        54.3198        1.47565        5.13497
759        54.3199        31.5182        16.2121        54.3199         1.4741        5.11547
760        54.3199        31.6113        16.1398        54.3199        1.47242        5.09635
761        54.3199        31.6983        16.0734        54.3199        1.47061        5.07762
762        54.3199        31.7793        16.0126        54.3199        1.46868        5.05929
763        54.3199        31.8546        15.9573        54.3199        1.46664        5.04136
764          54.32        31.9242        15.9074          54.32        1.46449        5.02384
765          54.32        31.9882        15.8628          54.32        1.46225        5.00674
766          54.32        32.0468        15.8233          54.32         1.4599        4.99006
767          54.32        32.1001        15.7886          54.32        1.45747        4.97381
768          54.32        32.1483        15.7588          54.32        1.45496          4.958
769          54.32        32.1916        15.7334          54.32        1.45237        4.94261
770        54.3201        32.2301        15.7125        54.3201         1.4497        4.92766
771        54.3201         32.264        15.6959        54.3201        1.44696        4.91315
772        54.3201        32.2934        15.6834        54.3201        1.44416        4.89908
773        54.3201        32.3185        15.6749        54.3201        1.44129        4.88545
774        54.3201        32.3392        15.6702        54.3201        1.43837        4.87226
775        54.3201        32.3559        15.6693        54.3201        1.43539        4.85951
776        54.3202        32.3687         15.672        54.3202        1.43236        4.84719
777        54.3202        32.3783        15.6773        54.3202        1.42928        4.83532
778        54.3202        32.3851        15.6851        54.3202        1.42615        4.82388
779        54.3203        32.3894         15.695        54.3203        1.42298        4.81288
780        54.3203        32.3917        15.7065        54.3203        1.41977        4.80231
781        54.3203         32.392        15.7196        54.3203        1.41652        4.79216
782        54.3203        32.3903        15.7343        54.3203        1.41323        4.78244
783        54.3203        32.3865        15.7508        54.3203         1.4099        4.77315
784        54.3203        32.3806        15.7689        54.3203        1.40653        4.76427
785        54.3203        32.3726        15.7888        54.3203        1.40313        4.75581
786        54.3203        32.3624        15.8104        54.3203         1.3997        4.74776
787        54.3203        32.3501        15.8339        54.3203        1.39623        4.74011
788        54.3203        32.3357         15.859        54.3203        1.39273        4.73287
789        54.3203        32.3191         15.886        54.3203         1.3892        4.72603
790        54.3203        32.3004        15.9146        54.3203        1.38565        4.71958
791        54.3203        32.2798         15.945        54.3203        1.38206        4.71351
792        54.3203        32.2571        15.9769        54.3203        1.37845        4.70783
793        54.3203        32.2325        16.0104        54.3203        1.37481        4.70253
794        54.3203        32.2062        16.0454        54.3203        1.37115         4.6976
795        54.3203        32.1781        16.0817        54.3203        1.36746        4.69303
796        54.3203        32.1485        16.1193        54.3203        1.36374        4.68882
797        54.3203        32.1174         16.158        54.3203           1.36        4.68496
798        54.3203        32.0849        16.1977        54.3203        1.35624        4.68145
799        54.3204        32.0514        16.2382        54.3204        1.35245        4.67828
800        54.3204        32.0169        16.2794        54.3204        1.34864        4.67544
801        54.3204        31.9816        16.3211        54.3204        1.34481        4.67293
802        54.3204        31.9457         16.363        54.3204        1.34095        4.67073
803        54.3204        31.9095         16.405        54.3204        1.33707        4.66885
804        54.3204        31.8731        16.4469        54.3204        1.33317        4.66727
805        54.3204        31.8369        16.4883        54.3204        1.32925        4.66599
806        54.3205         31.801        16.5291        54.3205         1.3253          4.665
807        54.3205        31.7658        16.5691        54.3205        1.32133        4.66429
808        54.3205        31.7314        16.6079        54.3205        1.31734        4.66386
809        54.3205        31.6981        16.6453        54.3205        1.31332        4.66371
810        54.3205        31.6662        16.6812        54.3205        1.30928        4.66381
811        54.3205        31.6359        16.7152        54.3205        1.30522        4.66418
812        54.3205        31.6074        16.7472        54.3205        1.30114         4.6648
813        54.3206         31.581        16.7768        54.3206        1.29704        4.66566
814        54.3206         31.557        16.8039        54.3206        1.29291        4.66677
815        54.3206        31.5354        16.8283        54.3206        1.28876        4.66811
816        54.3206        31.5166        16.8497        54.3206        1.28459        4.66969
817        54.3206        31.5007         16.868        54.3206        1.28041        4.67149
818        54.3206         31.488         16.883        54.3206         1.2762        4.67351
819        54.3206        31.4785        16.8944        54.3206        1.27197        4.67575
820        54.3206        31.4724        16.9023        54.3206        1.26772        4.67821
821        54.3206        31.4699        16.9065        54.3206        1.26346        4.68088
822        54.3207         31.471        16.9067        54.3207        1.25918        4.68376
823        54.3207        31.4758        16.9031        54.3207        1.25488        4.68685
824        54.3207        31.4844        16.8955        54.3207        1.25056        4.69015
825        54.3207        31.4969        16.8839        54.3207        1.24623        4.69365
826        54.3207        31.5132        16.8682        54.3207        1.24189        4.69736
827        54.3207        31.5333        16.8486        54.3207        1.23754        4.70127
828        54.3207        31.5572        16.8249        54.3207        1.23317        4.70539
829        54.3207        31.5848        16.7973        54.3207         1.2288        4.70972
830        54.3206        31.6162        16.7658        54.3206        1.22442        4.71426
831        54.3206        31.6511        16.7305        54.3206        1.22003          4.719
832        54.3206        31.6895        16.6915        54.3206        1.21564        4.72395
833        54.3206        31.7312         16.649        54.3206        1.21124        4.72912
834        54.3206        31.7762        16.6031        54.3206        1.20685        4.73451
835        54.3206        31.8242        16.5538        54.3206        1.20245        4.74012
836        54.3206        31.8751        16.5015        54.3206        1.19806        4.74595
837        54.3206        31.9286        16.4463        54.3206        1.19367        4.75201
838        54.3206        31.9848        16.3882        54.3206        1.18929         4.7583
839        54.3206        32.0433        16.3275        54.3206        1.18493        4.76483
840        54.3205        32.1041        16.2643        54.3205        1.18057         4.7716
841        54.3205        32.1668        16.1988        54.3205        1.17623        4.77862
842        54.3205        32.2314        16.1314        54.3205        1.17191        4.78588
843        54.3205        32.2974        16.0621        54.3205        1.16761        4.79341
844        54.3205        32.3648        15.9912        54.3205        1.16333         4.8012
845        54.3205        32.4333        15.9188        54.3205        1.15907        4.80926
846        54.3205        32.5027        15.8453        54.3205        1.15485         4.8176
847        54.3205        32.5729        15.7707        54.3205        1.15065        4.82622
848        54.3205        32.6437        15.6952        54.3205         1.1465        4.83512
849        54.3205        32.7149        15.6188        54.3205        1.14238        4.84432
850        54.3204        32.7865        15.5419        54.3204        1.13829        4.85382
851        54.3204         32.858        15.4645        54.3204        1.13426        4.86363
852        54.3204        32.9295        15.3869        54.3204        1.13027        4.87374
853        54.3204        33.0007        15.3092        54.3204        1.12633        4.88418
854        54.3204        33.0714        15.2317        54.3204        1.12244        4.89494
855        54.3204        33.1414        15.1543        54.3204        1.11861        4.90604
856        54.3204        33.2107        15.0773        54.3204        1.11484        4.91747
857        54.3204        33.2791        15.0009        54.3204        1.11113        4.92924
858        54.3204        33.3465         14.925        54.3204        1.10748        4.94137
859        54.3204        33.4128        14.8499        54.3204         1.1039        4.95385
860        54.3204        33.4778        14.7755        54.3204        1.10039        4.96668
861        54.3204        33.5415         14.702        54.3204        1.09696        4.97989
862        54.3204         33.604        14.6293        54.3204         1.0936        4.99347
863        54.3204        33.6649        14.5577        54.3204        1.09032        5.00742
864        54.3204        33.7244        14.4871        54.3204        1.08712        5.02175
865        54.3204        33.7822        14.4177        54.3204          1.084        5.03648
866        54.3204        33.8384        14.3494        54.3204        1.08097        5.05159
867        54.3204        33.8928        14.2824        54.3204        1.07803         5.0671
868        54.3204        33.9454        14.2167        54.3204        1.07517          5.083
869        54.3204        33.9962        14.1524        54.3204        1.07241        5.09932
870        54.3204         34.045        14.0896        54.3204        1.06975        5.11603
871        54.3204        34.0917        14.0283        54.3204        1.06718        5.13316
872        54.3204        34.1362        13.9687        54.3204         1.0647        5.15071
873        54.3204        34.1786        13.9107        54.3204        1.06233        5.16867
874        54.3203        34.2188        13.8545        54.3203        1.06005        5.18706
875        54.3203        34.2567        13.7999        54.3203        1.05788        5.20586
876        54.3203        34.2924        13.7471        54.3203        1.05581         5.2251
877        54.3203        34.3257         13.696        54.3203        1.05384        5.24476
878        54.3204        34.3568        13.6467        54.3204        1.05198        5.26485
879        54.3204        34.3855        13.5992        54.3204        1.05022        5.28537
880        54.3204         34.412        13.5535        54.3204        1.04856        5.30633
881        54.3204        34.4361        13.5095        54.3204        1.04701        5.32772
882        54.3204        34.4579        13.4674        54.3204        1.04556        5.34955
883        54.3204        34.4773         13.427        54.3204        1.04422        5.37181
884        54.3204        34.4945        13.3884        54.3204        1.04298        5.39451
885        54.3204        34.5093        13.3515        54.3204        1.04185        5.41765
886        54.3204        34.5218        13.3165        54.3204        1.04082        5.44123
887        54.3204         34.532        13.2832        54.3204        1.03989        5.46524
888        54.3204        34.5399        13.2517        54.3204        1.03906        5.48968
889        54.3204        34.5455         13.222        54.3204        1.03834        5.51457
890        54.3204        34.5488        13.1939        54.3204        1.03771        5.53989
891        54.3204        34.5499        13.1676        54.3204        1.03718        5.56564
892        54.3204        34.5488         13.143        54.3204        1.03675        5.59182
893        54.3204        34.5455          13.12        54.3204        1.03641        5.61843
894        54.3204          34.54        13.0987        54.3204        1.03616        5.64548
895        54.3204        34.5325        13.0789        54.3204          1.036        5.67295
896        54.3204        34.5228        13.0608        54.3204        1.03594        5.70084
897        54.3204        34.5112        13.0441        54.3204        1.03596        5.72915
898        54.3204        34.4976        13.0289        54.3204        1.03606        5.75789
899        54.3204        34.4821         13.015        54.3204        1.03624        5.78704
900        54.3204        34.4647        13.0026        54.3204        1.03651         5.8166
901        54.3204        34.4455        12.9915        54.3204        1.03685        5.84658
902        54.3204        34.4245        12.9817        54.3204        1.03727        5.87696
903        54.3204        34.4018        12.9731        54.3204        1.03776        5.90774
904        54.3204        34.3777        12.9655        54.3204        1.03832        5.93892
905        54.3204        34.3523        12.9587        54.3204        1.03894         5.9705
906        54.3204        34.3257        12.9527        54.3204        1.03963        6.00247
907        54.3204        34.2978        12.9474        54.3204        1.04039        6.03482
908        54.3205        34.2688        12.9429        54.3205         1.0412        6.06756
909        54.3205         34.239        12.9388        54.3205        1.04207        6.10068
910        54.3205        34.2083         12.935        54.3205        1.04299        6.13417
911        54.3205        34.1769        12.9316        54.3205        1.04397        6.16803
912        54.3205        34.1448        12.9284        54.3205          1.045        6.20225
913        54.3205        34.1121        12.9255        54.3205        1.04607        6.23684
914        54.3205        34.0787        12.9229        54.3205        1.04719        6.27178
915        54.3205        34.0447        12.9204        54.3205        1.04836        6.30707
916        54.3205        34.0101        12.9181        54.3205        1.04957        6.34271
917        54.3205        33.9751        12.9159        54.3205        1.05081        6.37869
918        54.3205        33.9396        12.9138        54.3205         1.0521          6.415
919        54.3205        33.9038        12.9117        54.3205        1.05342        6.45165
920        54.3205        33.8676        12.9096        54.3205        1.05477        6.48863
921        54.3205        33.8311        12.9074        54.3205        1.05615        6.52593
922        54.3205        33.7943        12.9051        54.3205        1.05757        6.56354
923        54.3205        33.7574        12.9027        54.3205        1.05901        6.60147
924        54.3205        33.7203        12.9001        54.3205        1.06047        6.63971
925        54.3205        33.6831        12.8972        54.3205        1.06197        6.67825
926        54.3205        33.6459        12.8941        54.3205        1.06348        6.71709
927        54.3205        33.6088        12.8905        54.3205        1.06501        6.75622
928        54.3205        33.5718        12.8866        54.3205        1.06657        6.79564
929        54.3205        33.5349        12.8822        54.3205        1.06814        6.83534
930        54.3205        33.4982        12.8773        54.3205        1.06973        6.87532
931        54.3205        33.4617        12.8719        54.3205        1.07133        6.91558
932        54.3205        33.4254         12.866        54.3205        1.07295        6.95611
933        54.3205        33.3892        12.8598        54.3205        1.07458         6.9969
934        54.3205        33.3531        12.8533        54.3205        1.07622        7.03795
935        54.3205        33.3171        12.8463        54.3205        1.07788        7.07926
936        54.3205        33.2811         12.839        54.3205        1.07954        7.12082
937        54.3205        33.2453        12.8314        54.3205        1.08121        7.16263
938        54.3205        33.2096        12.8233        54.3205        1.08289        7.20468
939        54.3205        33.1741        12.8149        54.3205        1.08457        7.24697
940        54.3205        33.1386        12.8061        54.3205        1.08626        7.28949
941        54.3205        33.1033         12.797        54.3205        1.08795        7.33224
942        54.3205        33.0682        12.7875        54.3205        1.08964        7.37522
943        54.3205        33.0331        12.7777        54.3205        1.09134        7.41842
944        54.3205        32.9982        12.7675        54.3205        1.09303        7.46183
945        54.3205        32.9633         12.757        54.3205        1.09473        7.50546
946        54.3205        32.9285        12.7463        54.3205        1.09642        7.54929
947        54.3205        32.8938        12.7353        54.3205        1.09811        7.59333
948        54.3205        32.8591         12.724        54.3205        1.09979        7.63757
949        54.3205        32.8244        12.7126        54.3205        1.10147          7.682
950        54.3205        32.7897         12.701        54.3205        1.10314        7.72663
951        54.3205         32.755        12.6893        54.3205         1.1048        7.77144
952        54.3205        32.7202        12.6774        54.3205        1.10646        7.81643
953        54.3205        32.6853        12.6655        54.3205         1.1081         7.8616
954        54.3205        32.6503        12.6535        54.3205        1.10974        7.90695
955        54.3205        32.6151        12.6416        54.3205        1.11136        7.95247
956        54.3205        32.5798        12.6296        54.3205        1.11296        7.99815
957        54.3205        32.5443        12.6176        54.3205        1.11455          8.044
958        54.3205        32.5087        12.6057        54.3205        1.11613           8.09
959        54.3205        32.4728        12.5938        54.3205        1.11769        8.13616
960        54.3205        32.4367        12.5821        54.3205        1.11922        8.18246
961        54.3205        32.4003        12.5705        54.3205        1.12074        8.22892
962        54.3205        32.3638         12.559        54.3205        1.12223        8.27551
963        54.3205        32.3269        12.5476        54.3205        1.12371        8.32223
964        54.3205        32.2899        12.5364        54.3205        1.12515        8.36909
965        54.3205        32.2525        12.5253        54.3205        1.12657        8.41608
966        54.3205        32.2149        12.5145        54.3205        1.12797        8.46319
967        54.3205        32.1769        12.5039        54.3205        1.12933        8.51041
968        54.3205        32.1386        12.4935        54.3205        1.13067        8.55776
969        54.3205        32.0999        12.4834        54.3205        1.13197        8.60521
970        54.3205        32.0609        12.4736        54.3205        1.13324        8.65276
971        54.3205        32.0215        12.4641        54.3205        1.13448        8.70042
972        54.3205        31.9818        12.4548        54.3205        1.13568        8.74817
973        54.3205        31.9417        12.4459        54.3205        1.13684        8.79601
974        54.3205        31.9013        12.4373        54.3205        1.13797        8.84394
975        54.3205        31.8605         12.429        54.3205        1.13905        8.89195
976        54.3205        31.8194        12.4209        54.3205         1.1401        8.94004
977        54.3205         31.778        12.4132        54.3205         1.1411         8.9882
978        54.3205        31.7363        12.4057        54.3205        1.14206        9.03642
979        54.3205        31.6943        12.3985        54.3205        1.14297        9.08471
980        54.3205         31.652        12.3915        54.3205        1.14384        9.13305
981        54.3205        31.6096        12.3848        54.3205        1.14466        9.18145
982        54.3205         31.567        12.3782        54.3205        1.14544         9.2299
983        54.3205        31.5241        12.3718        54.3205        1.14616        9.27838
984        54.3205        31.4812        12.3655        54.3205        1.14684        9.32691
985        54.3205        31.4382        12.3594        54.3205        1.14747        9.37546
986        54.3205        31.3951        12.3533        54.3205        1.14804        9.42405
987        54.3205         31.352        12.3472        54.3205        1.14857        9.47265
988        54.3204        31.3089        12.3412        54.3204        1.14904        9.52128
989        54.3204        31.2656        12.3355        54.3204        1.14946        9.56991
990        54.3204         31.222        12.3301        54.3204        1.14983        9.61855
991        54.3205        31.1781         12.325        54.3205        1.15014         9.6672
992        54.3205        31.1341        12.3201        54.3205         1.1504        9.71584
993        54.3205        31.0898        12.3156        54.3205        1.15061        9.76447
994        54.3205        31.0454        12.3112        54.3205        1.15075        9.81309
995        54.3205        31.0008        12.3071        54.3205        1.15085         9.8617
996        54.3205        30.9561        12.3032        54.3205        1.15088        9.91028
997        54.3205        30.9112        12.2996        54.3205        1.15086        9.95883
998        54.3205        30.8662        12.2961        54.3205        1.15078        10.0073
999        54.3204        30.8211        12.2929        54.3204        1.15064        10.0558
1000        54.3204        30.7758        12.2899        54.3204        1.15045        10.1043
