1              0     -0.0252643      0.0222453              0     -0.0253692   -8.48614e-05
2              0     -0.0505195      0.0444424              0      -0.050729   -0.000159176
3              0     -0.0757566      0.0665435              0     -0.0760699    -0.00021241
4              0      -0.100967       0.088501              0      -0.101383   -0.000234055
5              0      -0.126141       0.110268              0      -0.126658   -0.000213643
6              0       -0.15127       0.131798              0      -0.151886   -0.000140756
7              0      -0.176346       0.153045              0      -0.177058   -5.04391e-06
8              0       -0.20136       0.173966              0      -0.202166    0.000203766
9              0      -0.226303       0.194516              0        -0.2272    0.000495851
10              0      -0.251167       0.214654              0      -0.252151    0.000881284
11              0      -0.275944       0.234339              0      -0.277012     0.00137001
12              0      -0.300627       0.253532              0      -0.301773     0.00197185
13              0      -0.325206       0.272196              0      -0.326427     0.00269646
14              0      -0.349675       0.290296              0      -0.350966     0.00355332
15              0      -0.374027       0.307797              0      -0.375382     0.00455176
16              0      -0.398254       0.324668              0      -0.399669     0.00570086
17              0      -0.422349       0.340879              0      -0.423818     0.00700952
18              0      -0.446307       0.356402              0      -0.447823     0.00848639
19              0       -0.47012       0.371211              0      -0.471678      0.0101399
20              0      -0.493784       0.385283              0      -0.495377      0.0119781
21              0      -0.517291       0.398597              0      -0.518914      0.0140088
22              0      -0.540637       0.411132              0      -0.542282      0.0162397
23              0      -0.563817       0.422871              0      -0.565477      0.0186778
24              0      -0.586826         0.4338              0      -0.588494        0.02133
25              0      -0.609659       0.443906              0      -0.611329      0.0242027
26              0      -0.632312       0.453176              0      -0.633976      0.0273021
27              0      -0.654782       0.461602              0      -0.656432      0.0306338
28              0      -0.677064       0.469177              0      -0.678694       0.034203
29              0      -0.699156       0.475895              0      -0.700757      0.0380145
30              0      -0.721054       0.481754              0       -0.72262      0.0420726
31              0      -0.742755       0.486752              0      -0.744278       0.046381
32              0      -0.764258       0.490888              0       -0.76573      0.0509431
33              0      -0.785559       0.494166              0      -0.786973      0.0557616
34              0      -0.806657       0.496589              0      -0.808005      0.0608387
35              0       -0.82755       0.498162              0      -0.828826      0.0661759
36              0      -0.848237       0.498892              0      -0.849432      0.0717744
37              0      -0.868717       0.498787              0      -0.869823      0.0776346
38              0      -0.888987       0.497857              0      -0.889998      0.0837562
39              0      -0.909048       0.496114              0      -0.909957      0.0901384
40              0      -0.928899       0.493569              0      -0.929698      0.0967798
41              0      -0.948539       0.490236              0      -0.949221       0.103678
42              0      -0.967967       0.486131              0      -0.968526       0.110831
43              0      -0.987185       0.481269              0      -0.987613       0.118234
44              0       -1.00619       0.475667              0       -1.00648       0.125884
45              0       -1.02499       0.469344              0       -1.02513       0.133776
46              0       -1.04357       0.462319              0       -1.04357       0.141904
47              0       -1.06194       0.454612              0       -1.06178       0.150261
48              0        -1.0801       0.446245              0       -1.07978       0.158843
49              0       -1.09806       0.437239              0       -1.09756       0.167639
50              0        -1.1158       0.427617              0       -1.11513       0.176644
51              0       -1.13333       0.417402              0       -1.13248       0.185847
52              0       -1.15066       0.406619              0       -1.14962       0.195239
53              0       -1.16778       0.395294              0       -1.16655       0.204811
54              0       -1.18469       0.383451              0       -1.18326       0.214551
55              0       -1.20139       0.371116              0       -1.19976       0.224449
56              0       -1.21789       0.358318              0       -1.21605       0.234492
57              0       -1.23418       0.345082              0       -1.23213       0.244669
58              0       -1.25026       0.331436              0         -1.248       0.254967
59              0       -1.26615        0.31741              0       -1.26366       0.265374
60              0       -1.28182       0.303031              0       -1.27911       0.275874
61              0        -1.2973       0.288329              0       -1.29436       0.286456
62              0       -1.31257       0.273332              0        -1.3094       0.297104
63              0       -1.32764        0.25807              0       -1.32423       0.307805
64              0       -1.34251       0.242573              0       -1.33885       0.318544
65              0       -1.35718       0.226871              0       -1.35328       0.329306
66              0       -1.37164       0.210992              0       -1.36749       0.340077
67              0       -1.38591       0.194968              0       -1.38151       0.350842
68              0       -1.39998       0.178828              0       -1.39531       0.361586
69              0       -1.41384       0.162601              0       -1.40892       0.372294
70              0       -1.42751       0.146319              0       -1.42233       0.382953
71              0       -1.44097        0.13001              0       -1.43553       0.393546
72              0       -1.45424       0.113703              0       -1.44853       0.404062
73              0       -1.46731      0.0974283              0       -1.46133       0.414484
74              0       -1.48018      0.0812141              0       -1.47392       0.424801
75              0       -1.49285      0.0650891              0       -1.48632       0.434998
76              0       -1.50532      0.0490813              0       -1.49852       0.445063
77              0        -1.5176      0.0332184              0       -1.51051       0.454984
78              0       -1.52967      0.0175276              0       -1.52231       0.464748
79              0       -1.54156     0.00203545              0       -1.53391       0.474345
80              0       -1.55324     -0.0132318              0       -1.54531       0.483764
81              0       -1.56473     -0.0282487              0       -1.55651       0.492995
82              0       -1.57602     -0.0429904              0       -1.56752       0.502028
83              0       -1.58711     -0.0574327              0       -1.57832       0.510854
84              0       -1.59802     -0.0715521              0       -1.58894       0.519467
85              0       -1.60872     -0.0853258              0       -1.59935       0.527858
86              0       -1.61924     -0.0987318              0       -1.60958        0.53602
87              0       -1.62956      -0.111749              0       -1.61961       0.543948
88              0       -1.63969      -0.124357              0       -1.62944       0.551637
89              0       -1.64962      -0.136536              0       -1.63909       0.559083
90              0       -1.65937      -0.148267              0       -1.64854       0.566281
91              0       -1.66893      -0.159532              0       -1.65781       0.573229
92              0        -1.6783      -0.170316              0       -1.66688       0.579925
93              0       -1.68749        -0.1806              0       -1.67577       0.586368
94              0       -1.69648      -0.190371              0       -1.68447       0.592556
95              0        -1.7053      -0.199614              0       -1.69299        0.59849
96              0       -1.71393      -0.208315              0       -1.70133       0.604172
97              0       -1.72238      -0.216462              0       -1.70948       0.609601
98              0       -1.73065      -0.224044              0       -1.71746       0.614781
99              0       -1.73874       -0.23105              0       -1.72526       0.619713
100              0       -1.74666       -0.23747              0       -1.73288       0.624402
101              0        -1.7544      -0.243296              0       -1.74032       0.628851
102              0       -1.76197       -0.24852              0        -1.7476       0.633065
103              0       -1.76937      -0.253136              0        -1.7547       0.637048
104              0        -1.7766      -0.257136              0       -1.76164       0.640806
105              0       -1.78366      -0.260518              0        -1.7684       0.644345
106              0       -1.79056      -0.263276              0       -1.77501       0.647671
107              0       -1.79729      -0.265407              0       -1.78145       0.650791
108              0       -1.80386      -0.266911              0       -1.78773       0.653711
109              0       -1.81027      -0.267784              0       -1.79385       0.656438
110              0       -1.81653      -0.268028              0       -1.79981       0.658981
111              0       -1.82263      -0.267643              0       -1.80562       0.661348
112              0       -1.82858      -0.266631              0       -1.81128       0.663545
113              0       -1.83437      -0.264994              0       -1.81678       0.665581
114              0       -1.84002      -0.262737              0       -1.82214       0.667466
115              0       -1.84552      -0.259863              0       -1.82735       0.669206
116              0       -1.85088      -0.256378              0       -1.83242        0.67081
117              0       -1.85609      -0.252288              0       -1.83735       0.672287
118              0       -1.86116      -0.247602              0       -1.84213       0.673646
119              0        -1.8661      -0.242326              0       -1.84678       0.674895
120              0       -1.87089       -0.23647              0        -1.8513       0.676043
121              0       -1.87556      -0.230044              0       -1.85568       0.677097
122              0       -1.88009      -0.223059              0       -1.85993       0.678068
123              0       -1.88449      -0.215526              0       -1.86404       0.678962
124              0       -1.88876      -0.207459              0       -1.86804       0.679789
125              0       -1.89291       -0.19887              0        -1.8719       0.680556
126              0       -1.89693      -0.189774              0       -1.87564       0.681272
127              0       -1.90082      -0.180186              0       -1.87926       0.681943
128              0        -1.9046      -0.170121              0       -1.88276       0.682579
129              0       -1.90826      -0.159597              0       -1.88615       0.683186
130              0        -1.9118      -0.148631              0       -1.88941       0.683773
131              0       -1.91523       -0.13724              0       -1.89257       0.684345
132              0       -1.91855      -0.125443              0       -1.89563        0.68491
133              0       -1.92175       -0.11326              0       -1.89863       0.685475
134              0       -1.92484       -0.10071              0       -1.90159       0.686046
135              0       -1.92783      -0.087814              0       -1.90449       0.686629
136              0       -1.93071     -0.0745924              0       -1.90735       0.687231
137              0       -1.93349     -0.0610669              0       -1.91016       0.687857
138              0       -1.93619      -0.047259              0       -1.91292       0.688513
139              0       -1.93882      -0.033191              0       -1.91564       0.689205
140              0       -1.94142     -0.0188853              0       -1.91831       0.689937
141              0       -1.94397    -0.00436452              0       -1.92094       0.690714
142              0       -1.94647      0.0103485              0       -1.92352       0.691542
143              0       -1.94894      0.0252309              0       -1.92606       0.692424
144              0       -1.95136      0.0402595              0       -1.92856       0.693365
145              0       -1.95374      0.0554113              0       -1.93101       0.694369
146              0       -1.95609      0.0706633              0       -1.93343        0.69544
147              0       -1.95839      0.0859926              0       -1.93581       0.696581
148              0       -1.96066       0.101376              0       -1.93815       0.697796
149              0       -1.96289       0.116792              0       -1.94046       0.699087
150              0       -1.96509       0.132218              0       -1.94273       0.700458
151              0       -1.96726       0.147631              0       -1.94497       0.701912
152              0       -1.96939       0.163011              0       -1.94717        0.70345
153              0       -1.97149       0.178336              0       -1.94935       0.705076
154              0       -1.97357       0.193585              0       -1.95149       0.706791
155              0       -1.97561       0.208739              0       -1.95361       0.708597
156              0       -1.97763       0.223777              0        -1.9557       0.710496
157              0       -1.97963       0.238682              0       -1.95776        0.71249
158              0        -1.9816       0.253434              0        -1.9598       0.714579
159              0       -1.98355       0.268016              0       -1.96181       0.716765
160              0       -1.98547       0.282412              0       -1.96381       0.719049
161              0       -1.98738       0.296604              0       -1.96578       0.721432
162              0       -1.98927       0.310578              0       -1.96773       0.723914
163              0       -1.99114       0.324319              0       -1.96967       0.726495
164              0         -1.993       0.337813              0       -1.97159       0.729177
165              0       -1.99483       0.351046              0       -1.97349       0.731957
166              0       -1.99666       0.364008              0       -1.97538       0.734838
167              0       -1.99847       0.376686              0       -1.97725       0.737817
168              0       -2.00027       0.389069              0       -1.97911       0.740896
169              0       -2.00205       0.401148              0       -1.98096       0.744072
170              0       -2.00382       0.412913              0       -1.98279       0.747345
171              0       -2.00558       0.424356              0       -1.98461       0.750713
172              0       -2.00733        0.43547              0       -1.98641       0.754176
173              0       -2.00906       0.446248              0       -1.98821       0.757732
174              0       -2.01078       0.456684              0       -1.98998        0.76138
175              0       -2.01249       0.466772              0       -1.99175       0.765117
176              0       -2.01418       0.476508              0        -1.9935       0.768942
177              0       -2.01586       0.485887              0       -1.99524       0.772852
178              0       -2.01753       0.494908              0       -1.99696       0.776845
179              0       -2.01918       0.503566              0       -1.99866       0.780918
180              0       -2.02081        0.51186              0       -2.00035        0.78507
181              0       -2.02242       0.519789              0       -2.00202       0.789297
182              0       -2.02401       0.527353              0       -2.00366       0.793596
183              0       -2.02559       0.534549              0       -2.00529       0.797965
184              0       -2.02714        0.54138              0        -2.0069       0.802401
185              0       -2.02867       0.547846              0       -2.00848       0.806899
186              0       -2.03017       0.553949              0       -2.01004       0.811458
187              0       -2.03165       0.559689              0       -2.01157       0.816073
188              0       -2.03311       0.565071              0       -2.01308       0.820741
189              0       -2.03453       0.570096              0       -2.01456       0.825459
190              0       -2.03593       0.574767              0       -2.01601       0.830223
191              0        -2.0373       0.579089              0       -2.01743       0.835029
192              0       -2.03863       0.583066              0       -2.01882       0.839874
193              0       -2.03994       0.586701              0       -2.02017       0.844754
194              0       -2.04122           0.59              0        -2.0215       0.849665
195              0       -2.04246       0.592967              0        -2.0228       0.854604
196              0       -2.04367       0.595609              0       -2.02406       0.859566
197              0       -2.04485        0.59793              0       -2.02529       0.864548
198              0       -2.04599       0.599936              0       -2.02649       0.869546
199              0        -2.0471       0.601634              0       -2.02765       0.874555
200              0       -2.04818        0.60303              0       -2.02878       0.879573
201              0       -2.04923       0.604131              0       -2.02988       0.884595
202              0       -2.05024       0.604943              0       -2.03095       0.889618
203              0       -2.05123       0.605473              0       -2.03198       0.894636
204              0       -2.05218       0.605728              0       -2.03299       0.899647
205              0        -2.0531       0.605715              0       -2.03397       0.904646
206              0         -2.054       0.605443              0       -2.03491        0.90963
207              0       -2.05487       0.604917              0       -2.03584       0.914594
208              0       -2.05571       0.604145              0       -2.03673       0.919534
209              0       -2.05653       0.603136              0        -2.0376       0.924446
210              0       -2.05733       0.601896              0       -2.03845       0.929326
211              0        -2.0581       0.600433              0       -2.03928       0.934171
212              0       -2.05886       0.598754              0       -2.04009       0.938975
213              0        -2.0596       0.596867              0       -2.04089       0.943734
214              0       -2.06032        0.59478              0       -2.04167       0.948444
215              0       -2.06104         0.5925              0       -2.04244       0.953101
216              0       -2.06174       0.590035              0       -2.04319       0.957699
217              0       -2.06243       0.587391              0       -2.04394       0.962235
218              0       -2.06312       0.584576              0       -2.04469       0.966702
219              0       -2.06381       0.581598              0       -2.04543       0.971097
220              0       -2.06449       0.578462              0       -2.04617       0.975414
221              0       -2.06517       0.575177              0       -2.04691       0.979648
222              0       -2.06586       0.571749              0       -2.04765       0.983792
223              0       -2.06655       0.568184              0        -2.0484       0.987841
224              0       -2.06725        0.56449              0       -2.04915       0.991789
225              0       -2.06795       0.560672              0       -2.04992       0.995629
226              0       -2.06867       0.556736              0       -2.05069       0.999354
227              0        -2.0694       0.552689              0       -2.05148        1.00296
228              0       -2.07014       0.548536              0       -2.05228        1.00643
229              0        -2.0709       0.544283              0        -2.0531        1.00976
230              0       -2.07167       0.539936              0       -2.05393        1.01295
231              0       -2.07246       0.535499              0       -2.05478        1.01599
232              0       -2.07327       0.530978              0       -2.05565        1.01885
233              0       -2.07409       0.526377              0       -2.05654        1.02155
234              0       -2.07493       0.521702              0       -2.05744        1.02405
235              0       -2.07579       0.516955              0       -2.05836        1.02636
236              0       -2.07666       0.512143              0        -2.0593        1.02846
237              0       -2.07755       0.507268              0       -2.06026        1.03034
238              0       -2.07846       0.502334              0       -2.06123        1.03198
239              0       -2.07938       0.497346              0       -2.06222        1.03338
240              0       -2.08031       0.492307              0       -2.06322        1.03451
241              0       -2.08126       0.487219              0       -2.06424        1.03536
242              0       -2.08222       0.482087              0       -2.06527        1.03591
243              0       -2.08318       0.476913              0       -2.06631        1.03616
244              0       -2.08416         0.4717              0       -2.06735        1.03607
245              0       -2.08513       0.466455              0       -2.06841        1.03563
246              0       -2.08612       0.461235              0       -2.06947        1.03483
247              0        -2.0871       0.456087              0       -2.07053        1.03363
248              0       -2.08808       0.451011              0       -2.07159        1.03203
249              0       -2.08906       0.446004              0       -2.07265        1.02999
250              0       -2.09003       0.441068              0        -2.0737         1.0275
251              0         -2.091         0.4362              0       -2.07475        1.02452
252              0       -2.09195         0.4314              0       -2.07579        1.02105
253              0        -2.0929       0.426668              0       -2.07682        1.01704
254              0       -2.09383       0.422001              0       -2.07784        1.01248
255              0       -2.09474       0.417399              0       -2.07885        1.00733
256              0       -2.09564       0.412861              0       -2.07983        1.00158
257              0       -2.09651       0.408386              0        -2.0808       0.995179
258              0       -2.09736       0.403973              0       -2.08176        0.98811
259              0       -2.09819        0.39962              0       -2.08268        0.98034
260              0         -2.099       0.395326              0       -2.08359       0.971836
261              0       -2.09978       0.391091              0       -2.08447       0.962567
262              0       -2.10053       0.386912              0       -2.08533       0.952499
263              0       -2.10125       0.382788              0       -2.08616         0.9416
264              0       -2.10195       0.378719              0       -2.08696       0.929835
265              0       -2.10261       0.374702              0       -2.08773        0.91717
266              0       -2.10324       0.370736              0       -2.08848        0.90357
267              0       -2.10384        0.36682              0        -2.0892       0.889001
268              0       -2.10441       0.362953              0       -2.08988       0.873427
269              0       -2.10495       0.359132              0       -2.09054       0.856813
270              0       -2.10545       0.355356              0       -2.09117       0.839126
271              0       -2.10593       0.351623              0       -2.09177       0.820331
272              0       -2.10637       0.347932              0       -2.09234       0.800395
273              0       -2.10679       0.344281              0       -2.09288       0.779286
274              0       -2.10717       0.340668              0       -2.09339       0.756972
275              0       -2.10753       0.337092              0       -2.09388       0.733423
276              0       -2.10786        0.33355              0       -2.09434       0.708612
277              0       -2.10817        0.33004              0       -2.09478       0.682513
278              0       -2.10844        0.32656              0       -2.09519       0.655102
279              0        -2.1087       0.323109              0       -2.09559       0.626358
280              0       -2.10894       0.319683              0       -2.09596       0.596264
281              0       -2.10915       0.316281              0       -2.09632       0.564805
282              0       -2.10935       0.312901              0       -2.09665       0.531971
283              0       -2.10953       0.309539              0       -2.09698       0.497756
284              0        -2.1097       0.306193              0       -2.09729       0.462157
285              0       -2.10985       0.302861              0       -2.09759       0.425178
286              0          -2.11        0.29954              0       -2.09788       0.386827
287              0       -2.11014       0.296227              0       -2.09816       0.347119
288              0       -2.11027       0.292918              0       -2.09844       0.306072
289              0        -2.1104       0.289612              0       -2.09872       0.263714
290              0       -2.11053       0.286304              0       -2.09899       0.220077
291              0       -2.11066       0.282991              0       -2.09927       0.175198
292              0        -2.1108        0.27967              0       -2.09954       0.129125
293              0       -2.11094       0.276337              0       -2.09983      0.0819091
294              0       -2.11108       0.272988              0       -2.10011      0.0336092
295              0       -2.11124       0.269619              0       -2.10041     -0.0157087
296              0       -2.11141       0.266226              0       -2.10072     -0.0659727
297              0       -2.11158       0.262805              0       -2.10104      -0.117104
298              0       -2.11178       0.259352              0       -2.10137      -0.169019
299              0       -2.11198        0.25586              0       -2.10171      -0.221627
300              0        -2.1122       0.252327              0       -2.10207      -0.274834
301              0       -2.11244       0.248746              0       -2.10244      -0.328539
302              0        -2.1127       0.245113              0       -2.10283      -0.382639
303              0       -2.11298       0.241421              0       -2.10323      -0.437027
304              0       -2.11327       0.237666              0       -2.10365      -0.491593
305              0       -2.11359       0.233841              0       -2.10409      -0.546225
306              0       -2.11392        0.22994              0       -2.10454      -0.600811
307              0       -2.11428       0.225958              0       -2.10501      -0.655238
308              0       -2.11465       0.221886              0        -2.1055      -0.709391
309              0       -2.11504       0.217719              0         -2.106       -0.76316
310              0       -2.11544       0.213449              0       -2.10652      -0.816435
311              0       -2.11587       0.209069              0       -2.10705      -0.869108
312              0       -2.11631       0.204572              0       -2.10759      -0.921075
313              0       -2.11676       0.199949              0       -2.10814      -0.972236
314              0       -2.11723       0.195193              0       -2.10871       -1.02249
315              0       -2.11771       0.190295              0       -2.10928       -1.07176
316              0        -2.1182       0.185247              0       -2.10986       -1.11995
317              0        -2.1187        0.18004              0       -2.11045       -1.16698
318              0        -2.1192       0.174665              0       -2.11103       -1.21277
319              0       -2.11972       0.169112              0       -2.11162       -1.25727
320              0       -2.12023       0.163373              0       -2.11221        -1.3004
321              0       -2.12074       0.157436              0        -2.1128       -1.34212
322              0       -2.12126       0.151293              0       -2.11338       -1.38237
323              0       -2.12177       0.144932              0       -2.11395       -1.42111
324              0       -2.12227       0.138344              0       -2.11452       -1.45831
325              0       -2.12277       0.131517              0       -2.11508       -1.49393
326              0       -2.12325       0.124441              0       -2.11562       -1.52795
327              0       -2.12373       0.117104              0       -2.11614       -1.56034
328              0       -2.12419       0.109494              0       -2.11665        -1.5911
329              0       -2.12464       0.101602              0       -2.11714       -1.62021
330              0       -2.12507      0.0934137              0       -2.11761       -1.64767
331              0       -2.12547      0.0849183              0       -2.11805       -1.67348
332              0       -2.12586      0.0761036              0       -2.11847       -1.69763
333              0       -2.12622      0.0669574              0       -2.11886       -1.72013
334              0       -2.12656      0.0574675              0       -2.11923       -1.74099
335              0       -2.12687      0.0476215              0       -2.11956       -1.76023
336              0       -2.12715       0.037407              0       -2.11986       -1.77785
337              0       -2.12741      0.0268117              0       -2.12012       -1.79387
338              0       -2.12763      0.0158232              0       -2.12035        -1.8083
339              0       -2.12781     0.00442915              0       -2.12054       -1.82118
340              0       -2.12797    -0.00738269              0       -2.12069       -1.83251
341              0       -2.12809     -0.0196245              0       -2.12081       -1.84231
342              0       -2.12817     -0.0323081              0       -2.12088       -1.85062
343              0       -2.12822     -0.0454453              0       -2.12091       -1.85745
344              0       -2.12822     -0.0590476              0        -2.1209       -1.86282
345              0       -2.12819     -0.0731262              0       -2.12085       -1.86676
346              0       -2.12812     -0.0876919              0       -2.12075        -1.8693
347              0       -2.12802      -0.102755              0       -2.12061       -1.87045
348              0       -2.12787      -0.118326              0       -2.12042       -1.87024
349              0       -2.12768      -0.134413              0       -2.12019        -1.8687
350              0       -2.12745      -0.151026              0       -2.11992       -1.86585
351              0       -2.12719      -0.168172              0        -2.1196       -1.86171
352              0       -2.12688       -0.18586              0       -2.11923       -1.85631
353              0       -2.12654      -0.204095              0       -2.11882       -1.84968
354              0       -2.12615      -0.222883              0       -2.11836       -1.84183
355              0       -2.12573      -0.242229              0       -2.11786        -1.8328
356              0       -2.12527      -0.262137              0       -2.11732       -1.82261
357              0       -2.12477       -0.28261              0       -2.11673       -1.81129
358              0       -2.12423      -0.303648              0        -2.1161       -1.79885
359              0       -2.12366      -0.325253              0       -2.11543       -1.78533
360              0       -2.12305      -0.347423              0       -2.11471       -1.77075
361              0       -2.12241      -0.370156              0       -2.11396       -1.75514
362              0       -2.12173      -0.393448              0       -2.11317       -1.73853
363              0       -2.12102      -0.417294              0       -2.11233       -1.72095
364              0       -2.12028      -0.441688              0       -2.11146       -1.70242
365              0       -2.11951       -0.46662              0       -2.11056       -1.68297
366              0       -2.11871      -0.492082              0       -2.10961       -1.66263
367              0       -2.11788      -0.518061              0       -2.10864       -1.64144
368              0       -2.11702      -0.544545              0       -2.10763       -1.61943
369              0       -2.11613      -0.571519              0       -2.10658       -1.59662
370              0       -2.11522      -0.598965              0       -2.10551       -1.57306
371              0       -2.11429      -0.626868              0        -2.1044       -1.54878
372              0       -2.11333      -0.655205              0       -2.10327        -1.5238
373              0       -2.11235      -0.683957              0       -2.10211       -1.49818
374              0       -2.11134        -0.7131              0       -2.10092       -1.47194
375              0       -2.11032      -0.742609              0       -2.09971       -1.44513
376              0       -2.10928       -0.77246              0       -2.09848       -1.41779
377              0       -2.10821      -0.802623              0       -2.09722       -1.38994
378              0       -2.10713      -0.833071              0       -2.09594       -1.36164
379              0       -2.10604      -0.863774              0       -2.09464       -1.33293
380              0       -2.10492        -0.8947              0       -2.09331       -1.30385
381              0       -2.10379      -0.925817              0       -2.09197       -1.27444
382              0       -2.10264      -0.957093              0       -2.09061       -1.24475
383              0       -2.10148      -0.988493              0       -2.08923       -1.21481
384              0        -2.1003       -1.01998              0       -2.08784       -1.18467
385              0       -2.09911       -1.05153              0       -2.08643       -1.15438
386              0       -2.09791       -1.08309              0         -2.085       -1.12398
387              0       -2.09669       -1.11464              0       -2.08356       -1.09351
388              0       -2.09545       -1.14613              0        -2.0821       -1.06302
389              0        -2.0942       -1.17754              0       -2.08063       -1.03254
390              0       -2.09294       -1.20877              0       -2.07915       -1.00213
391              0       -2.09166       -1.23963              0       -2.07764       -0.97182
392              0       -2.09037          -1.27              0       -2.07613      -0.941655
393              0       -2.08906       -1.29982              0        -2.0746      -0.911674
394              0       -2.08774       -1.32903              0       -2.07306      -0.881915
395              0        -2.0864       -1.35758              0        -2.0715      -0.852416
396              0       -2.08504       -1.38541              0       -2.06992      -0.823212
397              0       -2.08366       -1.41246              0       -2.06833      -0.794339
398              0       -2.08227       -1.43867              0       -2.06673      -0.765829
399              0       -2.08086       -1.46399              0       -2.06511      -0.737713
400              0       -2.07943       -1.48835              0       -2.06347      -0.710021
401              0       -2.07797        -1.5117              0       -2.06181       -0.68278
402              0        -2.0765       -1.53397              0       -2.06014      -0.656017
403              0         -2.075       -1.55511              0       -2.05844      -0.629755
404              0       -2.07348       -1.57504              0       -2.05673      -0.604016
405              0       -2.07194       -1.59372              0         -2.055      -0.578822
406              0       -2.07037       -1.61107              0       -2.05324      -0.554191
407              0       -2.06877       -1.62703              0       -2.05146      -0.530139
408              0       -2.06715       -1.64153              0       -2.04966      -0.506681
409              0       -2.06549       -1.65451              0       -2.04784      -0.483831
410              0       -2.06381        -1.6659              0       -2.04599      -0.461599
411              0        -2.0621       -1.67562              0       -2.04411      -0.439995
412              0       -2.06036       -1.68361              0       -2.04221      -0.419028
413              0       -2.05858       -1.68979              0       -2.04028      -0.398704
414              0       -2.05677       -1.69409              0       -2.03832      -0.379027
415              0       -2.05493       -1.69644              0       -2.03633          -0.36
416              0       -2.05306       -1.69674              0       -2.03432      -0.341627
417              0       -2.05115       -1.69494              0       -2.03227      -0.323908
418              0        -2.0492       -1.69094              0       -2.03019      -0.306841
419              0       -2.04722       -1.68467              0       -2.02808      -0.290425
420              0        -2.0452       -1.67605              0       -2.02593      -0.274658
421              0       -2.04315       -1.66499              0       -2.02376      -0.259536
422              0       -2.04105       -1.65142              0       -2.02155      -0.245053
423              0       -2.03892       -1.63525              0        -2.0193      -0.231203
424              0       -2.03676       -1.61641              0       -2.01702      -0.217981
425              0       -2.03455       -1.59482              0       -2.01471      -0.205379
426              0       -2.03231       -1.57041              0       -2.01236      -0.193389
427              0       -2.03003       -1.54311              0       -2.00998      -0.182003
428              0       -2.02772       -1.51285              0       -2.00757       -0.17121
429              0       -2.02536       -1.47959              0       -2.00511      -0.161001
430              0       -2.02298       -1.44328              0       -2.00263      -0.151367
431              0       -2.02055       -1.40387              0       -2.00011      -0.142296
432              0       -2.01809       -1.36133              0       -1.99756      -0.133778
433              0        -2.0156       -1.31565              0       -1.99498        -0.1258
434              0       -2.01307       -1.26683              0       -1.99236      -0.118352
435              0       -2.01052       -1.21488              0       -1.98971      -0.111422
436              0       -2.00793       -1.15983              0       -1.98703      -0.104997
437              0       -2.00531       -1.10173              0       -1.98432     -0.0990649
438              0       -2.00266       -1.04064              0       -1.98158     -0.0936131
439              0       -1.99998      -0.976652              0       -1.97881     -0.0886289
440              0       -1.99728      -0.909875              0       -1.97602     -0.0840993
441              0       -1.99455      -0.840439              0       -1.97319     -0.0800111
442              0        -1.9918      -0.768496              0       -1.97035     -0.0763511
443              0       -1.98902      -0.694221              0       -1.96748     -0.0731058
444              0       -1.98623      -0.617809              0       -1.96458     -0.0702617
445              0       -1.98341      -0.539478              0       -1.96166      -0.067805
446              0       -1.98058      -0.459462              0       -1.95872     -0.0657219
447              0       -1.97773      -0.378016              0       -1.95577     -0.0639981
448              0       -1.97487      -0.295407              0       -1.95279     -0.0626196
449              0       -1.97199      -0.211916              0       -1.94979     -0.0615718
450              0        -1.9691      -0.127837              0       -1.94678     -0.0608402
451              0        -1.9662     -0.0434659              0       -1.94375     -0.0604099
452              0       -1.96329      0.0408934              0       -1.94071     -0.0602658
453              0       -1.96037       0.124938              0       -1.93765     -0.0603926
454              0       -1.95744       0.208369              0       -1.93458     -0.0607748
455              0       -1.95451        0.29089              0        -1.9315     -0.0613965
456              0       -1.95157       0.372218              0        -1.9284     -0.0622415
457              0       -1.94862       0.452079              0        -1.9253     -0.0632934
458              0       -1.94568       0.530215              0       -1.92218     -0.0645354
459              0       -1.94273       0.606384              0       -1.91906     -0.0659503
460              0       -1.93978       0.680364              0       -1.91592     -0.0675206
461              0       -1.93683       0.751953              0       -1.91278     -0.0692285
462              0       -1.93388       0.820968              0       -1.90962     -0.0710556
463              0       -1.93094       0.887251              0       -1.90646     -0.0729833
464              0       -1.92799       0.950664              0       -1.90329     -0.0749926
465              0       -1.92505        1.01109              0       -1.90011      -0.077064
466              0       -1.92211        1.06844              0       -1.89693     -0.0791777
467              0       -1.91917        1.12264              0       -1.89374     -0.0813135
468              0       -1.91624        1.17363              0       -1.89054     -0.0834507
469              0       -1.91332        1.22138              0       -1.88734     -0.0855686
470              0        -1.9104        1.26587              0       -1.88413     -0.0876456
471              0       -1.90749        1.30711              0       -1.88091     -0.0896602
472              0       -1.90458        1.34509              0       -1.87769     -0.0915903
473              0       -1.90168        1.37985              0       -1.87446     -0.0934136
474              0        -1.8988        1.41143              0       -1.87123     -0.0951075
475              0       -1.89592        1.43986              0         -1.868     -0.0966491
476              0       -1.89305         1.4652              0       -1.86476     -0.0980154
477              0       -1.89019        1.48751              0       -1.86151     -0.0991832
478              0       -1.88735        1.50686              0       -1.85826      -0.100129
479              0       -1.88452        1.52331              0       -1.85501      -0.100829
480              0        -1.8817        1.53694              0       -1.85176      -0.101261
481              0        -1.8789        1.54782              0       -1.84851        -0.1014
482              0       -1.87611        1.55602              0       -1.84525      -0.101224
483              0       -1.87334        1.56164              0         -1.842      -0.100709
484              0       -1.87059        1.56473              0       -1.83874     -0.0998335
485              0       -1.86786        1.56538              0       -1.83549     -0.0985739
486              0       -1.86515        1.56367              0       -1.83223     -0.0969088
487              0       -1.86245        1.55966              0       -1.82898     -0.0948169
488              0       -1.85979        1.55343              0       -1.82573     -0.0922775
489              0       -1.85714        1.54505              0       -1.82249     -0.0892708
490              0       -1.85452        1.53459              0       -1.81925     -0.0857778
491              0       -1.85193        1.52211              0       -1.81601     -0.0817807
492              0       -1.84936        1.50769              0       -1.81279     -0.0772628
493              0       -1.84682        1.49138              0       -1.80957     -0.0722085
494              0       -1.84431        1.47325              0       -1.80635     -0.0666039
495              0       -1.84183        1.45336              0       -1.80315     -0.0604364
496              0       -1.83938        1.43176              0       -1.79995     -0.0536951
497              0       -1.83697        1.40851              0       -1.79677      -0.046371
498              0       -1.83459        1.38368              0       -1.79359     -0.0384569
499              0       -1.83224         1.3573              0       -1.79043     -0.0299476
500              0       -1.82993        1.32945              0       -1.78728     -0.0208403
501              0       -1.82765        1.30016              0       -1.78414     -0.0111341
502              0       -1.82541         1.2695              0       -1.78102   -0.000830612
503              0       -1.82321        1.23751              0       -1.77791      0.0100661
504              0       -1.82105        1.20426              0       -1.77482      0.0215494
505              0       -1.81893        1.16978              0       -1.77174      0.0336103
506              0       -1.81685        1.13415              0       -1.76869      0.0462369
507              0       -1.81481         1.0974              0       -1.76565      0.0594148
508              0       -1.81281        1.05959              0       -1.76262      0.0731269
509              0       -1.81085        1.02078              0       -1.75962      0.0873535
510              0       -1.80894       0.981027              0       -1.75664       0.102072
511              0       -1.80706        0.94038              0       -1.75367       0.117257
512              0       -1.80523         0.8989              0       -1.75073       0.132882
513              0       -1.80345       0.856643              0       -1.74781       0.148915
514              0       -1.80171        0.81367              0       -1.74491       0.165325
515              0       -1.80001       0.770039              0       -1.74203       0.182077
516              0       -1.79835       0.725811              0       -1.73918       0.199134
517              0       -1.79674       0.681047              0       -1.73635       0.216457
518              0       -1.79517       0.635809              0       -1.73354       0.234005
519              0       -1.79364        0.59016              0       -1.73076       0.251737
520              0       -1.79216       0.544163              0         -1.728       0.269608
521              0       -1.79072        0.49788              0       -1.72527       0.287575
522              0       -1.78932       0.451375              0       -1.72256       0.305591
523              0       -1.78797       0.404712              0       -1.71988       0.323611
524              0       -1.78665       0.357953              0       -1.71723       0.341588
525              0       -1.78538       0.311161              0        -1.7146       0.359475
526              0       -1.78414       0.264399              0         -1.712       0.377226
527              0       -1.78295       0.217728              0       -1.70943       0.394795
528              0        -1.7818       0.171209              0       -1.70688       0.412137
529              0       -1.78068         0.1249              0       -1.70437       0.429208
530              0        -1.7796      0.0788606              0       -1.70188       0.445963
531              0       -1.77856       0.033147              0       -1.69942       0.462362
532              0       -1.77756     -0.0121856              0       -1.69698       0.478364
533              0       -1.77659     -0.0570838              0       -1.69458       0.493931
534              0       -1.77565      -0.101496              0        -1.6922       0.509026
535              0       -1.77475      -0.145373              0       -1.68986       0.523616
536              0       -1.77388      -0.188668              0       -1.68754       0.537669
537              0       -1.77305      -0.231334              0       -1.68525       0.551156
538              0       -1.77224       -0.27333              0       -1.68299        0.56405
539              0       -1.77147      -0.314613              0       -1.68076       0.576328
540              0       -1.77072      -0.355147              0       -1.67856       0.587967
541              0       -1.77001      -0.394894              0       -1.67639       0.598949
542              0       -1.76932       -0.43382              0       -1.67425        0.60926
543              0       -1.76866      -0.471894              0       -1.67213       0.618886
544              0       -1.76802      -0.509087              0       -1.67005       0.627816
545              0       -1.76741      -0.545371              0       -1.66799       0.636045
546              0       -1.76682       -0.58072              0       -1.66596       0.643567
547              0       -1.76626      -0.615112              0       -1.66396        0.65038
548              0       -1.76572      -0.648524              0       -1.66199       0.656485
549              0        -1.7652      -0.680938              0       -1.66005       0.661885
550              0        -1.7647      -0.712335              0       -1.65814       0.666585
551              0       -1.76422      -0.742699              0       -1.65625       0.670593
552              0       -1.76376      -0.772014              0       -1.65439       0.673919
553              0       -1.76332      -0.800266              0       -1.65256       0.676575
554              0        -1.7629      -0.827444              0       -1.65076       0.678573
555              0        -1.7625      -0.853535              0       -1.64899        0.67993
556              0       -1.76211      -0.878528              0       -1.64724       0.680662
557              0       -1.76174      -0.902413              0       -1.64552       0.680787
558              0       -1.76138      -0.925181              0       -1.64383       0.680325
559              0       -1.76104      -0.946822              0       -1.64217       0.679296
560              0       -1.76071      -0.967327              0       -1.64053       0.677721
561              0       -1.76039      -0.986688              0       -1.63892       0.675622
562              0       -1.76009        -1.0049              0       -1.63733       0.673022
563              0        -1.7598       -1.02195              0       -1.63578       0.669945
564              0       -1.75952       -1.03782              0       -1.63424       0.666414
565              0       -1.75925       -1.05252              0       -1.63274       0.662454
566              0         -1.759       -1.06604              0       -1.63126       0.658088
567              0       -1.75875       -1.07835              0       -1.62981       0.653341
568              0       -1.75852       -1.08946              0       -1.62838       0.648237
569              0        -1.7583       -1.09935              0       -1.62698       0.642801
570              0       -1.75808       -1.10801              0       -1.62561       0.637056
571              0       -1.75788       -1.11544              0       -1.62426       0.631025
572              0       -1.75768       -1.12161              0       -1.62294       0.624733
573              0       -1.75749       -1.12652              0       -1.62164       0.618203
574              0       -1.75731       -1.13015              0       -1.62037       0.611455
575              0       -1.75714       -1.13249              0       -1.61912       0.604514
576              0       -1.75698       -1.13353              0        -1.6179       0.597399
577              0       -1.75683       -1.13325              0        -1.6167       0.590131
578              0       -1.75668       -1.13164              0       -1.61553       0.582731
579              0       -1.75654       -1.12868              0       -1.61439       0.575218
580              0       -1.75641       -1.12436              0       -1.61327        0.56761
581              0       -1.75629       -1.11866              0       -1.61217       0.559925
582              0       -1.75618       -1.11157              0        -1.6111       0.552181
583              0       -1.75607       -1.10307              0       -1.61006       0.544394
584              0       -1.75598       -1.09315              0       -1.60904       0.536578
585              0       -1.75589        -1.0818              0       -1.60805        0.52875
586              0       -1.75581         -1.069              0       -1.60708       0.520924
587              0       -1.75574       -1.05475              0       -1.60614       0.513111
588              0       -1.75568       -1.03902              0       -1.60522       0.505326
589              0       -1.75562       -1.02183              0       -1.60433        0.49758
590              0       -1.75558       -1.00315              0       -1.60347       0.489885
591              0       -1.75555      -0.982982              0       -1.60263       0.482249
592              0       -1.75553       -0.96133              0       -1.60181       0.474684
593              0       -1.75551      -0.938192              0       -1.60103       0.467198
594              0       -1.75551      -0.913573              0       -1.60026         0.4598
595              0       -1.75552      -0.887481              0       -1.59953       0.452497
596              0       -1.75555      -0.859926              0       -1.59882       0.445296
597              0       -1.75558      -0.830924              0       -1.59814       0.438205
598              0       -1.75563      -0.800496              0       -1.59749       0.431228
599              0       -1.75569      -0.768664              0       -1.59686       0.424372
600              0       -1.75577      -0.735457              0       -1.59626       0.417642
601              0       -1.75586      -0.700909              0       -1.59569       0.411041
602              0       -1.75597      -0.665059              0       -1.59514       0.404573
603              0       -1.75609      -0.627951              0       -1.59462       0.398243
604              0       -1.75623      -0.589632              0       -1.59413       0.392053
605              0       -1.75639      -0.550158              0       -1.59367       0.386007
606              0       -1.75656      -0.509588              0       -1.59324       0.380106
607              0       -1.75675      -0.467987              0       -1.59283       0.374352
608              0       -1.75697      -0.425423              0       -1.59245       0.368747
609              0        -1.7572      -0.381971              0        -1.5921       0.363293
610              0       -1.75745       -0.33771              0       -1.59178        0.35799
611              0       -1.75772      -0.292722              0       -1.59149        0.35284
612              0       -1.75801      -0.247096              0       -1.59123       0.347843
613              0       -1.75833       -0.20092              0       -1.59099       0.342999
614              0       -1.75867      -0.154288              0       -1.59079       0.338309
615              0       -1.75903      -0.107295              0       -1.59061       0.333773
616              0       -1.75941     -0.0600394              0       -1.59046       0.329391
617              0       -1.75982     -0.0126193              0       -1.59034       0.325162
618              0       -1.76025      0.0348656              0       -1.59025       0.321086
619              0       -1.76071      0.0823159              0       -1.59018       0.317162
620              0       -1.76119       0.129633              0       -1.59014       0.313391
621              0        -1.7617       0.176718              0       -1.59013       0.309771
622              0       -1.76223       0.223476              0       -1.59015       0.306302
623              0       -1.76279       0.269812              0       -1.59019       0.302982
624              0       -1.76337       0.315636              0       -1.59026       0.299811
625              0       -1.76397        0.36086              0       -1.59035       0.296789
626              0       -1.76461         0.4054              0       -1.59047       0.293914
627              0       -1.76527       0.449177              0       -1.59062       0.291185
628              0       -1.76595       0.492115              0       -1.59078       0.288602
629              0       -1.76666       0.534145              0       -1.59098       0.286163
630              0        -1.7674         0.5752              0       -1.59119       0.283868
631              0       -1.76816       0.615222              0       -1.59142       0.281716
632              0       -1.76894       0.654156              0       -1.59168       0.279706
633              0       -1.76976       0.691953              0       -1.59196       0.277837
634              0       -1.77059        0.72857              0       -1.59225       0.276109
635              0       -1.77145       0.763969              0       -1.59257        0.27452
636              0       -1.77233       0.798117              0        -1.5929        0.27307
637              0       -1.77324       0.830987              0       -1.59325       0.271757
638              0       -1.77417       0.862557              0       -1.59361       0.270583
639              0       -1.77512        0.89281              0       -1.59399       0.269545
640              0        -1.7761       0.921733              0       -1.59438       0.268643
641              0       -1.77709       0.949318              0       -1.59478       0.267877
642              0       -1.77811       0.975561              0       -1.59519       0.267246
643              0       -1.77915        1.00046              0       -1.59562        0.26675
644              0       -1.78021        1.02403              0       -1.59605       0.266388
645              0       -1.78128        1.04626              0       -1.59649       0.266159
646              0       -1.78238        1.06717              0       -1.59694       0.266064
647              0        -1.7835        1.08677              0       -1.59739       0.266102
648              0       -1.78463        1.10508              0       -1.59785       0.266272
649              0       -1.78578        1.12211              0       -1.59831       0.266574
650              0       -1.78695        1.13789              0       -1.59877       0.267008
651              0       -1.78813        1.15242              0       -1.59923       0.267574
652              0       -1.78933        1.16575              0       -1.59969       0.268271
653              0       -1.79054        1.17789              0       -1.60015       0.269098
654              0       -1.79177        1.18886              0       -1.60061       0.270056
655              0       -1.79301        1.19869              0       -1.60106       0.271144
656              0       -1.79426        1.20741              0        -1.6015       0.272361
657              0       -1.79553        1.21503              0       -1.60194       0.273708
658              0       -1.79681         1.2216              0       -1.60237       0.275183
659              0        -1.7981        1.22714              0       -1.60279       0.276787
660              0        -1.7994        1.23167              0        -1.6032       0.278518
661              0       -1.80071        1.23521              0        -1.6036       0.280376
662              0       -1.80203        1.23781              0       -1.60399        0.28236
663              0       -1.80337        1.23947              0       -1.60436        0.28447
664              0       -1.80471        1.24024              0       -1.60471       0.286704
665              0       -1.80606        1.24013              0       -1.60505       0.289062
666              0       -1.80741        1.23917              0       -1.60537       0.291542
667              0       -1.80878        1.23739              0       -1.60568       0.294144
668              0       -1.81015         1.2348              0       -1.60596       0.296867
669              0       -1.81153        1.23144              0       -1.60622       0.299707
670              0       -1.81292        1.22733              0       -1.60647       0.302666
671              0       -1.81431        1.22248              0       -1.60668       0.305739
672              0       -1.81571        1.21693              0       -1.60688       0.308927
673              0       -1.81712        1.21069              0       -1.60705       0.312227
674              0       -1.81853        1.20379              0        -1.6072       0.315636
675              0       -1.81995        1.19624              0       -1.60731       0.319152
676              0       -1.82137        1.18806              0       -1.60741       0.322774
677              0        -1.8228        1.17928              0       -1.60747       0.326499
678              0       -1.82423        1.16992              0        -1.6075       0.330322
679              0       -1.82567        1.15999              0       -1.60751       0.334243
680              0       -1.82711         1.1495              0       -1.60748       0.338257
681              0       -1.82856        1.13849              0       -1.60743       0.342362
682              0       -1.83001        1.12696              0       -1.60734       0.346553
683              0       -1.83147        1.11494              0       -1.60722       0.350827
684              0       -1.83293        1.10243              0       -1.60707        0.35518
685              0       -1.83439        1.08946              0       -1.60688       0.359608
686              0       -1.83586        1.07615              0       -1.60666       0.364106
687              0       -1.83733        1.06261              0        -1.6064       0.368671
688              0       -1.83881        1.04889              0       -1.60611       0.373297
689              0        -1.8403        1.03498              0       -1.60579        0.37798
690              0       -1.84178        1.02088              0       -1.60543       0.382714
691              0       -1.84328        1.00659              0       -1.60503       0.387496
692              0       -1.84478       0.992132              0        -1.6046       0.392319
693              0       -1.84628       0.977495              0       -1.60413       0.397178
694              0       -1.84779       0.962688              0       -1.60362       0.402069
695              0        -1.8493       0.947714              0       -1.60308       0.406985
696              0       -1.85083       0.932579              0        -1.6025       0.411922
697              0       -1.85235       0.917287              0       -1.60188       0.416872
698              0       -1.85389       0.901843              0       -1.60122       0.421832
699              0       -1.85543       0.886253              0       -1.60053       0.426794
700              0       -1.85698       0.870521              0        -1.5998       0.431753
701              0       -1.85854       0.854655              0       -1.59904       0.436703
702              0        -1.8601       0.838658              0       -1.59824       0.441638
703              0       -1.86167       0.822538              0        -1.5974       0.446552
704              0       -1.86326         0.8063              0       -1.59652       0.451438
705              0       -1.86485       0.789951              0       -1.59561       0.456292
706              0       -1.86645       0.773496              0       -1.59466       0.461105
707              0       -1.86806       0.756943              0       -1.59368       0.465874
708              0       -1.86969       0.740298              0       -1.59266        0.47059
709              0       -1.87132       0.723567              0       -1.59161       0.475248
710              0       -1.87296       0.706758              0       -1.59052       0.479843
711              0       -1.87462       0.689877              0        -1.5894       0.484368
712              0       -1.87629       0.672931              0       -1.58824       0.488817
713              0       -1.87798       0.655926              0       -1.58705       0.493184
714              0       -1.87967       0.638871              0       -1.58583       0.497464
715              0       -1.88138       0.621771              0       -1.58457        0.50165
716              0        -1.8831       0.604634              0       -1.58328       0.505737
717              0       -1.88484       0.587467              0       -1.58196        0.50972
718              0       -1.88659       0.570276              0       -1.58061       0.513593
719              0       -1.88836       0.553069              0       -1.57923       0.517351
720              0       -1.89014       0.535852              0       -1.57782       0.520989
721              0       -1.89194       0.518633              0       -1.57637       0.524502
722              0       -1.89375       0.501417              0        -1.5749       0.527885
723              0       -1.89557       0.484212              0        -1.5734       0.531134
724              0       -1.89741       0.467024              0       -1.57187       0.534243
725              0       -1.89926        0.44986              0        -1.5703        0.53721
726              0       -1.90113       0.432726              0       -1.56871        0.54003
727              0       -1.90301       0.415628              0       -1.56709       0.542699
728              0        -1.9049       0.398573              0       -1.56545       0.545214
729              0       -1.90681       0.381567              0       -1.56377       0.547571
730              0       -1.90872       0.364615              0       -1.56206       0.549767
731              0       -1.91065       0.347724              0       -1.56033       0.551799
732              0       -1.91259         0.3309              0       -1.55857       0.553665
733              0       -1.91453       0.314147              0       -1.55678       0.555363
734              0       -1.91649       0.297472              0       -1.55496        0.55689
735              0       -1.91845       0.280879              0       -1.55311       0.558244
736              0       -1.92042       0.264375              0       -1.55124       0.559425
737              0       -1.92239       0.247963              0       -1.54933       0.560431
738              0       -1.92437       0.231649              0        -1.5474        0.56126
739              0       -1.92636       0.215438              0       -1.54544       0.561914
740              0       -1.92835       0.199334              0       -1.54345        0.56239
741              0       -1.93033       0.183341              0       -1.54144        0.56269
742              0       -1.93232       0.167465              0        -1.5394       0.562814
743              0       -1.93431       0.151708              0       -1.53733       0.562762
744              0        -1.9363       0.136076              0       -1.53523       0.562535
745              0       -1.93829       0.120571              0       -1.53311       0.562134
746              0       -1.94027       0.105197              0       -1.53096       0.561562
747              0       -1.94225      0.0899587              0       -1.52879       0.560819
748              0       -1.94422      0.0748583              0       -1.52659       0.559907
749              0       -1.94619      0.0598992              0       -1.52436        0.55883
750              0       -1.94815      0.0450844              0       -1.52212       0.557589
751              0       -1.95011      0.0304166              0       -1.51984       0.556187
752              0       -1.95205      0.0158986              0       -1.51755       0.554628
753              0       -1.95399      0.0015327              0       -1.51523       0.552914
754              0       -1.95592     -0.0126787              0       -1.51289       0.551049
755              0       -1.95784     -0.0267333              0       -1.51054       0.549036
756              0       -1.95974     -0.0406293              0       -1.50816       0.546879
757              0       -1.96164     -0.0543648              0       -1.50576       0.544583
758              0       -1.96352     -0.0679381              0       -1.50334        0.54215
759              0       -1.96539     -0.0813477              0       -1.50091       0.539586
760              0       -1.96724     -0.0945921              0       -1.49846       0.536895
761              0       -1.96909       -0.10767              0         -1.496       0.534081
762              0       -1.97091      -0.120581              0       -1.49352       0.531149
763              0       -1.97273      -0.133323              0       -1.49103       0.528103
764              0       -1.97452      -0.145896              0       -1.48853       0.524948
765              0       -1.97631      -0.158298              0       -1.48602        0.52169
766              0       -1.97807      -0.170531              0       -1.48349       0.518332
767              0       -1.97982      -0.182592              0       -1.48096       0.514879
768              0       -1.98156      -0.194482              0       -1.47842       0.511337
769              0       -1.98327        -0.2062              0       -1.47588        0.50771
770              0       -1.98497      -0.217747              0       -1.47333       0.504003
771              0       -1.98666      -0.229122              0       -1.47077       0.500222
772              0       -1.98832      -0.240325              0       -1.46822       0.496369
773              0       -1.98997      -0.251358              0       -1.46566       0.492451
774              0        -1.9916      -0.262219              0        -1.4631       0.488472
775              0       -1.99321       -0.27291              0       -1.46055       0.484437
776              0        -1.9948       -0.28343              0       -1.45799        0.48035
777              0       -1.99638      -0.293781              0       -1.45544       0.476216
778              0       -1.99794      -0.303963              0       -1.45289       0.472038
779              0       -1.99947      -0.313977              0       -1.45035       0.467822
780              0         -2.001      -0.323823              0       -1.44781       0.463572
781              0        -2.0025      -0.333503              0       -1.44528        0.45929
782              0       -2.00398      -0.343018              0       -1.44276       0.454982
783              0       -2.00545      -0.352368              0       -1.44025       0.450652
784              0        -2.0069      -0.361554              0       -1.43776       0.446302
785              0       -2.00832      -0.370578              0       -1.43527       0.441936
786              0       -2.00974      -0.379441              0       -1.43279       0.437558
787              0       -2.01113      -0.388143              0       -1.43033       0.433171
788              0        -2.0125      -0.396687              0       -1.42788       0.428779
789              0       -2.01386      -0.405073              0       -1.42545       0.424383
790              0        -2.0152      -0.413303              0       -1.42304       0.419987
791              0       -2.01652      -0.421379              0       -1.42064       0.415594
792              0       -2.01782      -0.429301              0       -1.41826       0.411207
793              0       -2.01911      -0.437071              0       -1.41589       0.406826
794              0       -2.02037       -0.44469              0       -1.41355       0.402456
795              0       -2.02162       -0.45216              0       -1.41123       0.398098
796              0       -2.02285      -0.459483              0       -1.40892       0.393753
797              0       -2.02407      -0.466661              0       -1.40664       0.389425
798              0       -2.02527      -0.473693              0       -1.40438       0.385114
799              0       -2.02645      -0.480583              0       -1.40214       0.380822
800              0       -2.02761      -0.487332              0       -1.39993       0.376551
801              0       -2.02876      -0.493941              0       -1.39774       0.372302
802              0       -2.02989      -0.500412              0       -1.39557       0.368076
803              0       -2.03101      -0.506747              0       -1.39342       0.363874
804              0       -2.03211      -0.512947              0        -1.3913       0.359698
805              0       -2.03319      -0.519014              0       -1.38921       0.355548
806              0       -2.03426       -0.52495              0       -1.38714       0.351426
807              0       -2.03531      -0.530756              0        -1.3851       0.347331
808              0       -2.03635      -0.536434              0       -1.38308       0.343264
809              0       -2.03737      -0.541986              0       -1.38109       0.339226
810              0       -2.03838      -0.547413              0       -1.37912       0.335218
811              0       -2.03937      -0.552717              0       -1.37718       0.331239
812              0       -2.04034        -0.5579              0       -1.37527       0.327291
813              0       -2.04131      -0.562962              0       -1.37339       0.323372
814              0       -2.04226      -0.567907              0       -1.37153       0.319484
815              0       -2.04319      -0.572736              0        -1.3697       0.315626
816              0       -2.04411      -0.577449              0        -1.3679       0.311799
817              0       -2.04502       -0.58205              0       -1.36612       0.308002
818              0       -2.04591      -0.586539              0       -1.36437       0.304236
819              0       -2.04679      -0.590918              0       -1.36265         0.3005
820              0       -2.04766      -0.595188              0       -1.36095       0.296794
821              0       -2.04851      -0.599352              0       -1.35928       0.293118
822              0       -2.04935       -0.60341              0       -1.35764       0.289472
823              0       -2.05017      -0.607365              0       -1.35603       0.285855
824              0       -2.05099      -0.611218              0       -1.35444       0.282268
825              0       -2.05179       -0.61497              0       -1.35288       0.278709
826              0       -2.05257      -0.618623              0       -1.35134        0.27518
827              0       -2.05334      -0.622179              0       -1.34984       0.271679
828              0        -2.0541      -0.625638              0       -1.34835       0.268206
829              0       -2.05485      -0.629003              0        -1.3469       0.264761
830              0       -2.05558      -0.632274              0       -1.34546       0.261344
831              0        -2.0563      -0.635453              0       -1.34406       0.257954
832              0         -2.057      -0.638542              0       -1.34268       0.254591
833              0       -2.05769      -0.641542              0       -1.34132       0.251255
834              0       -2.05837      -0.644454              0       -1.33999       0.247945
835              0       -2.05903       -0.64728              0       -1.33868       0.244662
836              0       -2.05968      -0.650021              0        -1.3374       0.241404
837              0       -2.06032      -0.652678              0       -1.33614       0.238173
838              0       -2.06094      -0.655252              0       -1.33491       0.234966
839              0       -2.06155      -0.657745              0        -1.3337       0.231785
840              0       -2.06214      -0.660158              0       -1.33251       0.228629
841              0       -2.06271      -0.662493              0       -1.33134       0.225498
842              0       -2.06328      -0.664703              0        -1.3302       0.222391
843              0       -2.06382      -0.666711              0       -1.32908       0.219309
844              0       -2.06435      -0.668486              0       -1.32798       0.216252
845              0       -2.06487      -0.670023              0        -1.3269       0.213219
846              0       -2.06537      -0.671321              0       -1.32585        0.21021
847              0       -2.06585      -0.672374              0       -1.32481       0.207226
848              0       -2.06632      -0.673181              0        -1.3238       0.204266
849              0       -2.06677      -0.673737              0        -1.3228       0.201331
850              0       -2.06721       -0.67404              0       -1.32183        0.19842
851              0       -2.06762      -0.674084              0       -1.32088       0.195533
852              0       -2.06802      -0.673868              0       -1.31995       0.192672
853              0       -2.06841      -0.673387              0       -1.31904       0.189835
854              0       -2.06877      -0.672638              0       -1.31814       0.187023
855              0       -2.06912      -0.671617              0       -1.31727       0.184236
856              0       -2.06945      -0.670321              0       -1.31641       0.181474
857              0       -2.06977      -0.668746              0       -1.31558       0.178738
858              0       -2.07006      -0.666888              0       -1.31476       0.176028
859              0       -2.07034      -0.664764              0       -1.31396       0.173364
860              0        -2.0706      -0.662395              0       -1.31318       0.170772
861              0       -2.07086      -0.659783              0        -1.3124       0.168256
862              0       -2.07109      -0.656924              0       -1.31164       0.165817
863              0       -2.07132      -0.653812              0       -1.31089       0.163453
864              0       -2.07153      -0.650443              0       -1.31016       0.161162
865              0       -2.07173      -0.646813              0       -1.30943       0.158946
866              0       -2.07191      -0.642917              0       -1.30872       0.156802
867              0       -2.07208      -0.638751              0       -1.30802        0.15473
868              0       -2.07224      -0.634311              0       -1.30734       0.152729
869              0       -2.07238      -0.629593              0       -1.30666       0.150799
870              0        -2.0725      -0.624594              0         -1.306       0.148938
871              0       -2.07261      -0.619308              0       -1.30535       0.147146
872              0       -2.07271      -0.613734              0       -1.30471       0.145423
873              0       -2.07279      -0.607867              0       -1.30409       0.143767
874              0       -2.07286      -0.601704              0       -1.30347       0.142177
875              0       -2.07291      -0.595243              0       -1.30287       0.140654
876              0       -2.07294       -0.58848              0       -1.30228       0.139196
877              0       -2.07296      -0.581414              0        -1.3017       0.137803
878              0       -2.07296      -0.574041              0       -1.30114       0.136474
879              0       -2.07295      -0.566361              0       -1.30059       0.135208
880              0       -2.07292      -0.558371              0       -1.30005       0.134004
881              0       -2.07288      -0.550071              0       -1.29952       0.132862
882              0       -2.07282      -0.541459              0         -1.299       0.131782
883              0       -2.07274      -0.532535              0       -1.29849       0.130762
884              0       -2.07265      -0.523298              0         -1.298       0.129801
885              0       -2.07255      -0.513748              0       -1.29752         0.1289
886              0       -2.07242      -0.503887              0       -1.29705       0.128057
887              0       -2.07228      -0.493715              0        -1.2966       0.127272
888              0       -2.07213      -0.483234              0       -1.29615       0.126543
889              0       -2.07196      -0.472445              0       -1.29572       0.125871
890              0       -2.07177      -0.461351              0        -1.2953       0.125255
891              0       -2.07157      -0.449954              0       -1.29489       0.124693
892              0       -2.07135      -0.438258              0        -1.2945       0.124185
893              0       -2.07112      -0.426266              0       -1.29411        0.12373
894              0       -2.07087      -0.413983              0       -1.29374       0.123329
895              0        -2.0706      -0.401414              0       -1.29338       0.122979
896              0       -2.07032      -0.388563              0       -1.29303       0.122667
897              0       -2.07002      -0.375436              0       -1.29267       0.122367
898              0       -2.06971       -0.36204              0        -1.2923       0.122067
899              0       -2.06939      -0.348382              0       -1.29192       0.121768
900              0       -2.06904      -0.334468              0       -1.29154       0.121469
901              0       -2.06869      -0.320307              0       -1.29114        0.12117
902              0       -2.06832      -0.305907              0       -1.29073       0.120872
903              0       -2.06793      -0.291277              0       -1.29031       0.120573
904              0       -2.06753      -0.276426              0       -1.28988       0.120276
905              0       -2.06711      -0.261363              0       -1.28944       0.119978
906              0       -2.06668        -0.2461              0       -1.28899       0.119681
907              0       -2.06624      -0.230646              0       -1.28853       0.119385
908              0       -2.06578      -0.215014              0       -1.28806       0.119089
909              0       -2.06531      -0.199214              0       -1.28759       0.118794
910              0       -2.06483      -0.183258              0        -1.2871       0.118499
911              0       -2.06433       -0.16716              0        -1.2866       0.118205
912              0       -2.06382       -0.15093              0        -1.2861       0.117911
913              0        -2.0633      -0.134584              0       -1.28559       0.117619
914              0       -2.06276      -0.118132              0       -1.28506       0.117327
915              0       -2.06221       -0.10159              0       -1.28453       0.117036
916              0       -2.06165     -0.0849712              0       -1.28399       0.116745
917              0       -2.06107     -0.0682889              0       -1.28344       0.116456
918              0       -2.06049     -0.0515576              0       -1.28289       0.116167
919              0       -2.05989     -0.0347915              0       -1.28232        0.11588
920              0       -2.05928     -0.0180048              0       -1.28175       0.115593
921              0       -2.05866      -0.001212              0       -1.28117       0.115307
922              0       -2.05802      0.0155726              0       -1.28058       0.115023
923              0       -2.05738      0.0323346              0       -1.27998       0.114739
924              0       -2.05673      0.0490598              0       -1.27938       0.114457
925              0       -2.05606      0.0657338              0       -1.27877       0.114175
926              0       -2.05538      0.0823427              0       -1.27815       0.113895
927              0        -2.0547      0.0988724              0       -1.27753       0.113616
928              0         -2.054       0.115309              0       -1.27689       0.113339
929              0       -2.05329        0.13164              0       -1.27625       0.113062
930              0       -2.05257        0.14785              0       -1.27561       0.112787
931              0       -2.05185       0.163929              0       -1.27495       0.112513
932              0       -2.05111       0.179861              0       -1.27429       0.112241
933              0       -2.05037       0.195637              0       -1.27363        0.11197
934              0       -2.04961       0.211242              0       -1.27295         0.1117
935              0       -2.04885       0.226667              0       -1.27228       0.111432
936              0       -2.04808       0.241899              0       -1.27159       0.111166
937              0       -2.04729       0.256929              0        -1.2709       0.110901
938              0        -2.0465       0.271745              0        -1.2702       0.110637
939              0       -2.04571       0.286339              0        -1.2695       0.110375
940              0        -2.0449         0.3007              0       -1.26879       0.110115
941              0       -2.04409        0.31482              0       -1.26808       0.109856
942              0       -2.04327        0.32869              0       -1.26736       0.109599
943              0       -2.04244       0.342303              0       -1.26663       0.109344
944              0        -2.0416       0.355652              0        -1.2659        0.10909
945              0       -2.04076        0.36873              0       -1.26517       0.108838
946              0       -2.03991        0.38153              0       -1.26443       0.108588
947              0       -2.03905       0.394047              0       -1.26369        0.10834
948              0       -2.03819       0.406275              0       -1.26294       0.108093
949              0       -2.03732        0.41821              0       -1.26218       0.107848
950              0       -2.03644       0.429848              0       -1.26142       0.107605
951              0       -2.03556       0.441185              0       -1.26066       0.107364
952              0       -2.03467       0.452218              0       -1.25989       0.107125
953              0       -2.03377       0.462943              0       -1.25912       0.106888
954              0       -2.03287       0.473359              0       -1.25834       0.106653
955              0       -2.03196       0.483465              0       -1.25756        0.10642
956              0       -2.03105       0.493257              0       -1.25678       0.106188
957              0       -2.03014       0.502737              0       -1.25599       0.105959
958              0       -2.02921       0.511903              0        -1.2552       0.105732
959              0       -2.02829       0.520755              0        -1.2544       0.105506
960              0       -2.02735       0.529293              0       -1.25361       0.105283
961              0       -2.02642       0.537518              0        -1.2528       0.105062
962              0       -2.02548       0.545431              0         -1.252       0.104843
963              0       -2.02453       0.553034              0       -1.25119       0.104626
964              0       -2.02358       0.560328              0       -1.25038       0.104411
965              0       -2.02263       0.567315              0       -1.24956       0.104198
966              0       -2.02168       0.573997              0       -1.24875       0.103987
967              0       -2.02072       0.580377              0       -1.24793       0.103779
968              0       -2.01975       0.586457              0        -1.2471       0.103572
969              0       -2.01879       0.592241              0       -1.24628       0.103368
970              0       -2.01782       0.597732              0       -1.24545       0.103166
971              0       -2.01684       0.602933              0       -1.24462       0.102966
972              0       -2.01587       0.607848              0       -1.24379       0.102769
973              0       -2.01489       0.612481              0       -1.24295       0.102574
974              0       -2.01391       0.616835              0       -1.24212        0.10238
975              0       -2.01293       0.620915              0       -1.24128       0.102189
976              0       -2.01194       0.624725              0       -1.24044       0.102001
977              0       -2.01096       0.628269              0        -1.2396       0.101814
978              0       -2.00997       0.631551              0       -1.23875        0.10163
979              0       -2.00898       0.634577              0       -1.23791       0.101448
980              0       -2.00799        0.63735              0       -1.23706       0.101269
981              0         -2.007       0.639876              0       -1.23622       0.101092
982              0         -2.006       0.642159              0       -1.23537       0.100917
983              0       -2.00501       0.644203              0       -1.23452       0.100744
984              0       -2.00402       0.646014              0       -1.23367       0.100574
985              0       -2.00302       0.647597              0       -1.23282       0.100406
986              0       -2.00203       0.648956              0       -1.23197        0.10024
987              0       -2.00103       0.650095              0       -1.23112       0.100076
988              0       -2.00004       0.651021              0       -1.23026      0.0999154
989              0       -1.99904       0.651737              0       -1.22941      0.0997567
990              0       -1.99805       0.652248              0       -1.22856      0.0996003
991              0       -1.99706        0.65256              0       -1.22771      0.0994462
992              0       -1.99606       0.652676              0       -1.22685      0.0992946
993              0       -1.99507       0.652602              0         -1.226      0.0991452
994              0       -1.99408       0.652342              0       -1.22515      0.0989983
995              0       -1.99309       0.651901              0        -1.2243      0.0988536
996              0        -1.9921       0.651284              0       -1.22344      0.0987114
997              0       -1.99112       0.650494              0       -1.22259      0.0985715
998              0       -1.99013       0.649537              0       -1.22174       0.098434
999              0       -1.98915       0.648417              0       -1.22089      0.0982988
1000              0       -1.98817       0.647138              0       -1.22005       0.098166
