1	-10.228122351954312	-10.228122351954312	-1.6008278349838365
2	-10.228122351954312	-10.228122351954312	-1.6007903546345945
3	-10.228122351954312	-10.228122351954312	-1.600727964286956
4	-10.228122351954312	-10.228122351954312	-1.6006407789169648
5	-10.228122351954312	-10.228122351954312	-1.6005289587434033
6	-10.228122351954312	-10.228122351954312	-1.6003927084881198
7	-10.228122351954312	-10.228122351954312	-1.6002322764364614
8	-10.228122351954312	-10.228122351954312	-1.6000479533061627
9	-10.228122351954312	-10.228122351954312	-1.5998400709344445
10	-10.228122351954312	-10.228122351954312	-1.5996090007946817
11	-10.228122351954312	-10.228122351954312	-1.5993551523550829
12	-10.228122351954312	-10.228122351954312	-1.5990789712932503
13	-10.228122351954312	-10.228122351954312	-1.598780937581046
14	-10.228122351954312	-10.228122351954312	-1.5984615634548436
15	-10.228122351954312	-10.228122351954312	-1.598121391287134
16	-10.228122351954312	-10.228122351954312	-1.5977609913753499
17	-10.228122351954312	-10.228122351954312	-1.5973809596637996
18	-10.228122351954312	-10.228122351954312	-1.5969819154150415
19	-10.228122351954312	-10.228122351954312	-1.5965644988458367
20	-10.228122351954312	-10.228122351954312	-1.5961293687435536
21	-10.228122351954312	-10.228122351954312	-1.5956772000779882
22	-10.228122351954312	-10.228122351954312	-1.5952086816213666
23	-10.228122351954312	-10.228122351954312	-1.5947245135910426
24	-10.228122351954312	-10.228122351954312	-1.594225405326825
25	-10.228122351954312	-10.228122351954312	-1.593712073014377
26	-10.228122351954312	-10.228122351954312	-1.5931852374650788
27	-10.228122351954312	-10.228122351954312	-1.5926456219614913
28	-10.228122351954312	-10.228122351954312	-1.592093950177537
29	-10.228122351954312	-10.228122351954312	-1.591530944179636
30	-10.228122351954312	-10.228122351954312	-1.5909573225152867
31	-10.228122351954312	-10.228122351954312	-1.5903737983948918
32	-10.228122351954312	-10.228122351954312	-1.5897810779711345
33	-10.228122351954312	-10.228122351954312	-1.5891798587189698
34	-10.228122351954312	-10.228122351954312	-1.5885708279183912
35	-10.228122351954312	-10.228122351954312	-1.5879546612415851
36	-10.228122351954312	-10.228122351954312	-1.5873320214456355
37	-10.228122351954312	-10.228122351954312	-1.5867035571715664
38	-10.228122351954312	-10.228122351954312	-1.5860699018489526
39	-10.228122351954312	-10.228122351954312	-1.585431672704084
40	-10.228122351954312	-10.228122351954312	-1.5847894698700693
41	-10.228122351954312	-10.228122351954312	-1.5841438755980943
42	-10.228122351954312	-10.228122351954312	-1.5834954535670744
43	-10.228122351954312	-10.228122351954312	-1.5828447482885737
44	-10.228122351954312	-10.228122351954312	-1.5821922846032268
45	-10.228122351954312	-10.228122351954312	-1.5815385672659497
46	-10.228122351954312	-10.228122351954312	-1.5808840806166977
47	-10.228122351954312	-10.228122351954312	-1.5802292883327185
48	-10.228122351954312	-10.228122351954312	-1.579574633258435
49	-10.228122351954312	-10.228122351954312	-1.578920537309008
50	-10.228122351954312	-10.228122351954312	-1.5782674014435536
51	-10.228122351954312	-10.228122351954312	-1.5776156057042945
52	-10.228122351954312	-10.228122351954312	-1.576965509316597
53	-10.228122351954312	-10.228122351954312	-1.5763174508468227
54	-10.228122351954312	-10.228122351954312	-1.5756717484136493
55	-10.228122351954312	-10.228122351954312	-1.57502869994824
56	-10.228122351954312	-10.228122351954312	-1.5743885835012945
57	-10.228122351954312	-10.228122351954312	-1.573751657590888
58	-10.228122351954312	-10.228122351954312	-1.5731181615880085
59	-10.228122351954312	-10.228122351954312	-1.5724883161377397
60	-10.228122351954312	-10.228122351954312	-1.5718623236109506
61	-10.228122351954312	-10.228122351954312	-1.571240368582447
62	-10.228122351954312	-10.228122351954312	-1.5706226183335543
63	-10.228122351954312	-10.228122351954312	-1.570009223376255
64	-10.228122351954312	-10.228122351954312	-1.5694003179948965
65	-10.228122351954312	-10.228122351954312	-1.5687960208025644
66	-10.228122351954312	-10.228122351954312	-1.5681964353099591
67	-10.228122351954312	-10.228122351954312	-1.5676016505035268
68	-10.228122351954312	-10.228122351954312	-1.5670117414309466
69	-10.228122351954312	-10.228122351954312	-1.5664267697913086
70	-10.228122351954312	-10.228122351954312	-1.565846784527467
71	-10.228122351954312	-10.228122351954312	-1.5652718224190754
72	-10.228122351954312	-10.228122351954312	-1.5647019086737717
73	-10.228122351954312	-10.228122351954312	-1.5641370575152838
74	-10.228122351954312	-10.228122351954312	-1.5635772727664854
75	-10.228122351954312	-10.228122351954312	-1.5630225484255797
76	-10.228122351954312	-10.228122351954312	-1.562472869234558
77	-10.228122351954312	-10.228122351954312	-1.5619282112383603
78	-10.228122351954312	-10.228122351954312	-1.5613885423330287
79	-10.228122351954312	-10.228122351954312	-1.5608538228026292
80	-10.228122351954312	-10.228122351954312	-1.5603240058442707
81	-10.228122351954312	-10.228122351954312	-1.5597990380795757
82	-10.228122351954312	-10.228122351954312	-1.5592788600516398
83	-10.228122351954312	-10.228122351954312	-1.55876340670766
84	-10.228122351954312	-10.228122351954312	-1.5582526078667027
85	-10.228122351954312	-10.228122351954312	-1.5577463886719187
86	-10.228122351954312	-10.228122351954312	-1.5572446700268618
87	-10.228122351954312	-10.228122351954312	-1.5567473690151545
88	-10.228122351954312	-10.228122351954312	-1.5562543993040796
89	-10.228122351954312	-10.228122351954312	-1.5557656715319796
90	-10.228122351954312	-10.228122351954312	-1.5552810936789225
91	-10.228122351954312	-10.228122351954312	-1.5548005714209008
92	-10.228122351954312	-10.228122351954312	-1.5543240084678824
93	-10.228122351954312	-10.228122351954312	-1.5538513068853554
94	-10.228122351954312	-10.228122351954312	-1.5533823673997853
95	-10.228122351954312	-10.228122351954312	-1.552917089688441
96	-10.228122351954312	-10.228122351954312	-1.5524553726533736
97	-10.228122351954312	-10.228122351954312	-1.5519971146800786
98	-10.228122351954312	-10.228122351954312	-1.551542213881396
99	-10.228122351954312	-10.228122351954312	-1.5510905683263108
100	-10.228122351954312	-10.228122351954312	-1.5506420762549413
101	-10.228122351954312	-10.228122351954312	-1.5501966362794302
102	-10.228122351954312	-10.228122351954312	-1.5497541475715917
103	-10.228122351954312	-10.228122351954312	-1.5493145100373038
104	-10.228122351954312	-10.228122351954312	-1.5488776244782947
105	-10.228122351954312	-10.228122351954312	-1.5484433927419972
106	-10.228122351954312	-10.228122351954312	-1.548011717859255
107	-10.228122351954312	-10.228122351954312	-1.5475825041712157
108	-10.228122351954312	-10.228122351954312	-1.5471556574454204
109	-10.228122351954312	-10.228122351954312	-1.5467310849813338
110	-10.228122351954312	-10.228122351954312	-1.546308695705983
111	-10.228122351954312	-10.228122351954312	-1.545888400260156
112	-10.228122351954312	-10.228122351954312	-1.5454701110753892
113	-10.228122351954312	-10.228122351954312	-1.5450537424430237
114	-10.228122351954312	-10.228122351954312	-1.5446392105747069
115	-10.228122351954312	-10.228122351954312	-1.544226433655386
116	-10.228122351954312	-10.228122351954312	-1.5438153318890002
117	-10.228122351954312	-10.228122351954312	-1.5434058275366531
118	-10.228122351954312	-10.228122351954312	-1.5429978449490998
119	-10.228122351954312	-10.228122351954312	-1.542591310592896
120	-10.228122351954312	-10.228122351954312	-1.5421861530701735
121	-10.228122351954312	-10.228122351954312	-1.541782303133621
122	-10.228122351954312	-10.228122351954312	-1.5413796936966027
123	-10.228122351954312	-10.228122351954312	-1.5409782598381376
124	-10.228122351954312	-10.228122351954312	-1.5405779388032685
125	-10.228122351954312	-10.228122351954312	-1.5401786700001248
126	-10.228122351954312	-10.228122351954312	-1.5397803949925708
127	-10.228122351954312	-10.228122351954312	-1.5393830574889265
128	-10.228122351954312	-10.228122351954312	-1.5389865518114454
129	-10.228122351954312	-10.228122351954312	-1.5385907366604443
130	-10.228122351954312	-10.228122351954312	-1.5381954742845336
131	-10.228122351954312	-10.228122351954312	-1.53780063042874
132	-10.228122351954312	-10.228122351954312	-1.53740607428114
133	-10.228122351954312	-10.228122351954312	-1.5370116784182106
134	-10.228122351954312	-10.228122351954312	-1.536617318749091
135	-10.228122351954312	-10.228122351954312	-1.536222874458545
136	-10.228122351954312	-10.228122351954312	-1.5358282279488007
137	-10.228122351954312	-10.228122351954312	-1.5354332647806224
138	-10.228122351954312	-10.228122351954312	-1.5350378736139711
139	-10.228122351954312	-10.228122351954312	-1.5346419461479965
140	-10.228122351954312	-10.228122351954312	-1.534245377060692
141	-10.228122351954312	-10.228122351954312	-1.5338480639489351
142	-10.228122351954312	-10.228122351954312	-1.5334499072682346
143	-10.228122351954312	-10.228122351954312	-1.5330508102718967
144	-10.228122351954312	-10.228122351954312	-1.5326506789502983
145	-10.228122351954312	-10.228122351954312	-1.5322494639330722
146	-10.228122351954312	-10.228122351954312	-1.53184716488179
147	-10.228122351954312	-10.228122351954312	-1.5314437814363848
148	-10.228122351954312	-10.228122351954312	-1.5310393132149929
149	-10.228122351954312	-10.228122351954312	-1.5306337598139932
150	-10.228122351954312	-10.228122351954312	-1.53022712080825
151	-10.228122351954312	-10.228122351954312	-1.5298193957511537
152	-10.228122351954312	-10.228122351954312	-1.5294105841746584
153	-10.228122351954312	-10.228122351954312	-1.5290006855893203
154	-10.228122351954312	-10.228122351954312	-1.52858969948454
155	-10.228122351954312	-10.228122351954312	-1.5281776253283936
156	-10.228122351954312	-10.228122351954312	-1.5277644625676676
157	-10.228122351954312	-10.228122351954312	-1.5273502106280994
158	-10.228122351954312	-10.228122351954312	-1.5269348689142037
159	-10.228122351954312	-10.228122351954312	-1.526518436809513
160	-10.228122351954312	-10.228122351954312	-1.5261009136766093
161	-10.228122351954312	-10.228122351954312	-1.5256822988569454
162	-10.228122351954312	-10.228122351954312	-1.525262591670875
163	-10.228122351954312	-10.228122351954312	-1.524841791417679
164	-10.228122351954312	-10.228122351954312	-1.5244198973755925
165	-10.228122351954312	-10.228122351954312	-1.5239969088018297
166	-10.228122351954312	-10.228122351954312	-1.523572824932821
167	-10.228122351954312	-10.228122351954312	-1.523147644984238
168	-10.228122351954312	-10.228122351954312	-1.5227213681508043
169	-10.228122351954312	-10.228122351954312	-1.5222939936063176
170	-10.228122351954312	-10.228122351954312	-1.5218655205038845
171	-10.228122351954312	-10.228122351954312	-1.5214359479759416
172	-10.228122351954312	-10.228122351954312	-1.5210052751340613
173	-10.228122351954312	-10.228122351954312	-1.5205735010691845
174	-10.228122351954312	-10.228122351954312	-1.52014062485164
175	-10.228122351954312	-10.228122351954312	-1.5197066455311619
176	-10.228122351954312	-10.228122351954312	-1.519271562136906
177	-10.228122351954312	-10.228122351954312	-1.5188353736774662
178	-10.228122351954312	-10.228122351954312	-1.5183980791408893
179	-10.228122351954312	-10.228122351954312	-1.517959677494689
180	-10.228122351954312	-10.228122351954312	-1.5175201676860786
181	-10.228122351954312	-10.228122351954312	-1.5170795486419848
182	-10.228122351954312	-10.228122351954312	-1.5166378192692822
183	-10.228122351954312	-10.228122351954312	-1.516194978454807
184	-10.228122351954312	-10.228122351954312	-1.5157510250649266
185	-10.228122351954312	-10.228122351954312	-1.5153059579455486
186	-10.228122351954312	-10.228122351954312	-1.5148597759223512
187	-10.228122351954312	-10.228122351954312	-1.5144124778007926
188	-10.228122351954312	-10.228122351954312	-1.513964062365894
189	-10.228122351954312	-10.228122351954312	-1.513514528382246
190	-10.228122351954312	-10.228122351954312	-1.5130638745944622
191	-10.228122351954312	-10.228122351954312	-1.5126120997274126
192	-10.228122351954312	-10.228122351954312	-1.5121592024860055
193	-10.228122351954312	-10.228122351954312	-1.5117051815549665
194	-10.228122351954312	-10.228122351954312	-1.511250035598841
195	-10.228122351954312	-10.228122351954312	-1.5107937632622246
196	-10.228122351954312	-10.228122351954312	-1.5103363631697657
197	-10.228122351954312	-10.228122351954312	-1.5098778339261685
198	-10.228122351954312	-10.228122351954312	-1.5094181741161934
199	-10.228122351954312	-10.228122351954312	-1.5089573823044284
200	-10.228122351954312	-10.228122351954312	-1.5084954570355176
201	-10.228122351954312	-10.228122351954312	-1.5080323968346223
202	-10.228122351954312	-10.228122351954312	-1.5075682002071922
203	-10.228122351954312	-10.228122351954312	-1.507102865638731
204	-10.228122351954312	-10.228122351954312	-1.5066363915950274
205	-10.228122351954312	-10.228122351954312	-1.5061687765221514
206	-10.228122351954312	-10.228122351954312	-1.505700018846453
207	-10.228122351954312	-10.228122351954312	-1.5052301169745574
208	-10.228122351954312	-10.228122351954312	-1.5047590692935955
209	-10.228122351954312	-10.228122351954312	-1.5042868741712014
210	-10.228122351954312	-10.228122351954312	-1.503813529955271
211	-10.228122351954312	-10.228122351954312	-1.503339034973956
212	-10.228122351954312	-10.228122351954312	-1.5028633875358925
213	-10.228122351954312	-10.228122351954312	-1.5023865859301964
214	-10.228122351954312	-10.228122351954312	-1.501908628426455
215	-10.228122351954312	-10.228122351954312	-1.5014295132749584
216	-10.228122351954312	-10.228122351954312	-1.5009492387066938
217	-10.228122351954312	-10.228122351954312	-1.5004678029333374
218	-10.228122351954312	-10.228122351954312	-1.499985204147246
219	-10.228122351954312	-10.228122351954312	-1.4995014405214488
220	-10.228122351954312	-10.228122351954312	-1.4990165102093953
221	-10.228122351954312	-10.228122351954312	-1.4985304113451856
222	-10.228122351954312	-10.228122351954312	-1.498043142044047
223	-10.228122351954312	-10.228122351954312	-1.497554700402081
224	-10.228122351954312	-10.228122351954312	-1.497065084495765
225	-10.228122351954312	-10.228122351954312	-1.4965742923821812
226	-10.228122351954312	-10.228122351954312	-1.4960823220994952
227	-10.228122351954312	-10.228122351954312	-1.4955891716669452
228	-10.228122351954312	-10.228122351954312	-1.4950948390848304
229	-10.228122351954312	-10.228122351954312	-1.4945993223344998
230	-10.228122351954312	-10.228122351954312	-1.4941026193785876
231	-10.228122351954312	-10.228122351954312	-1.4936047281610016
232	-10.228122351954312	-10.228122351954312	-1.4931056466066628
233	-10.228122351954312	-10.228122351954312	-1.49260537262149
234	-10.228122351954312	-10.228122351954312	-1.4921039040923854
235	-10.228122351954312	-10.228122351954312	-1.4916012388874689
236	-10.228122351954312	-10.228122351954312	-1.4910973748560645
237	-10.228122351954312	-10.228122351954312	-1.4905923098284324
238	-10.228122351954312	-10.228122351954312	-1.4900860416162571
239	-10.228122351954312	-10.228122351954312	-1.489578568012887
240	-10.228122351954312	-10.228122351954312	-1.4890698867928125
241	-10.228122351954312	-10.228122351954312	-1.4885599957119033
242	-10.228122351954312	-10.228122351954312	-1.488048892507648
243	-10.228122351954312	-10.228122351954312	-1.487536574898883
244	-10.228122351954312	-10.228122351954312	-1.4870230405857745
245	-10.228122351954312	-10.228122351954312	-1.486508287250059
246	-10.228122351954312	-10.228122351954312	-1.4859923125552834
247	-10.228122351954312	-10.228122351954312	-1.48547511414679
248	-10.228122351954312	-10.228122351954312	-1.484956689651701
249	-10.228122351954312	-10.228122351954312	-1.484437036678903
250	-10.228122351954312	-10.228122351954312	-1.4839161528192892
251	-10.228122351954312	-10.228122351954312	-1.483394035645484
252	-10.228122351954312	-10.228122351954312	-1.4828706827115634
253	-10.228122351954312	-10.228122351954312	-1.4823460915535582
254	-10.228122351954312	-10.228122351954312	-1.4818202596897005
255	-10.228122351954312	-10.228122351954312	-1.4812931846204076
256	-10.228122351954312	-10.228122351954312	-1.4807648638282662
257	-10.228122351954312	-10.228122351954312	-1.4802352947780164
258	-10.228122351954312	-10.228122351954312	-1.479704474916534
259	-10.228122351954312	-10.228122351954312	-1.4791724016728138
260	-10.228122351954312	-10.228122351954312	-1.4786390724582172
261	-10.228122351954312	-10.228122351954312	-1.4781044846669908
262	-10.228122351954312	-10.228122351954312	-1.4775686356759854
263	-10.228122351954312	-10.228122351954312	-1.477031522844373
264	-10.228122351954312	-10.228122351954312	-1.476493143513897
265	-10.228122351954312	-10.228122351954312	-1.4759534950091275
266	-10.228122351954312	-10.228122351954312	-1.4754125746374447
267	-10.228122351954312	-10.228122351954312	-1.474870379689025
268	-10.228122351954312	-10.228122351954312	-1.4743269074368255
269	-10.228122351954312	-10.228122351954312	-1.473782155136568
270	-10.228122351954312	-10.228122351954312	-1.4732361200269952
271	-10.228122351954312	-10.228122351954312	-1.4726887993301303
272	-10.228122351954312	-10.228122351954312	-1.4721401902512636
273	-10.228122351954312	-10.228122351954312	-1.4715902899789397
274	-10.228122351954312	-10.228122351954312	-1.4710390956852186
275	-10.228122351954312	-10.228122351954312	-1.4704866045253888
276	-10.228122351954312	-10.228122351954312	-1.469932813637952
277	-10.228122351954312	-10.228122351954312	-1.4693777201448857
278	-10.228122351954312	-10.228122351954312	-1.4688213211516308
279	-10.228122351954312	-10.228122351954312	-1.468263613747635
280	-10.228122351954312	-10.228122351954312	-1.4677045950063432
281	-10.228122351954312	-10.228122351954312	-1.4671442619849087
282	-10.228122351954312	-10.228122351954312	-1.4665826117244611
283	-10.228122351954312	-10.228122351954312	-1.4660196412500965
284	-10.228122351954312	-10.228122351954312	-1.4654553475711478
285	-10.228122351954312	-10.228122351954312	-1.464889727681177
286	-10.228122351954312	-10.228122351954312	-1.464322778557682
287	-10.228122351954312	-10.228122351954312	-1.4637544971623697
288	-10.228122351954312	-10.228122351954312	-1.4631848804414305
289	-10.228122351954312	-10.228122351954312	-1.4626139253258155
290	-10.228122351954312	-10.228122351954312	-1.4620416287312317
291	-10.228122351954312	-10.228122351954312	-1.4614679875581353
292	-10.228122351954312	-10.228122351954312	-1.4608929986920136
293	-10.228122351954312	-10.228122351954312	-1.4603166590033805
294	-10.228122351954312	-10.228122351954312	-1.4597389653477717
295	-10.228122351954312	-10.228122351954312	-1.4591599145660306
296	-10.228122351954312	-10.228122351954312	-1.4585795034843043
297	-10.228122351954312	-10.228122351954312	-1.4579977289143335
298	-10.228122351954312	-10.228122351954312	-1.4574145876534503
299	-10.228122351954312	-10.228122351954312	-1.456830076484578
300	-10.228122351954312	-10.228122351954312	-1.4562441921765237
301	-10.228122351954312	-10.228122351954312	-1.455656931483978
302	-10.228122351954312	-10.228122351954312	-1.4550682911481063
303	-10.228122351954312	-10.228122351954312	-1.4544782678965533
304	-10.228122351954312	-10.228122351954312	-1.4538868584431535
305	-10.228122351954312	-10.228122351954312	-1.4532940594879342
306	-10.228122351954312	-10.228122351954312	-1.4526998677174159
307	-10.228122351954312	-10.228122351954312	-1.4521042798049142
308	-10.228122351954312	-10.228122351954312	-1.4515072924105479
309	-10.228122351954312	-10.228122351954312	-1.4509089021812467
310	-10.228122351954312	-10.228122351954312	-1.4503091057510578
311	-10.228122351954312	-10.228122351954312	-1.4497078997411557
312	-10.228122351954312	-10.228122351954312	-1.4491052807601537
313	-10.228122351954312	-10.228122351954312	-1.4485012454044168
314	-10.228122351954312	-10.228122351954312	-1.4478957902580774
315	-10.228122351954312	-10.228122351954312	-1.4472889118930488
316	-10.228122351954312	-10.228122351954312	-1.4466806068690408
317	-10.228122351954312	-10.228122351954312	-1.4460708717341828
318	-10.228122351954312	-10.228122351954312	-1.4454597030250438
319	-10.228122351954312	-10.228122351954312	-1.4448470972663459
320	-10.228122351954312	-10.228122351954312	-1.4442330509712875
321	-10.228122351954312	-10.228122351954312	-1.4436175606421793
322	-10.228122351954312	-10.228122351954312	-1.4430006227704681
323	-10.228122351954312	-10.228122351954312	-1.4423822338364531
324	-10.228122351954312	-10.228122351954312	-1.4417623903096184
325	-10.228122351954312	-10.228122351954312	-1.4411410886489675
326	-10.228122351954312	-10.228122351954312	-1.440518325303052
327	-10.228122351954312	-10.228122351954312	-1.439894096710623
328	-10.228122351954312	-10.228122351954312	-1.4392683993006645
329	-10.228122351954312	-10.228122351954312	-1.4386412294921127
330	-10.228122351954312	-10.228122351954312	-1.4380125836945161
331	-10.228122351954312	-10.228122351954312	-1.4373824583083865
332	-10.228122351954312	-10.228122351954312	-1.436750849724922
333	-10.228122351954312	-10.228122351954312	-1.4361177543263606
334	-10.228122351954312	-10.228122351954312	-1.435483168486337
335	-10.228122351954312	-10.228122351954312	-1.4348470885696065
336	-10.228122351954312	-10.228122351954312	-1.4342095109324045
337	-10.228122351954312	-10.228122351954312	-1.4335704319224882
338	-10.228122351954312	-10.228122351954312	-1.4329298478798216
339	-10.228122351954312	-10.228122351954312	-1.4322877551369437
340	-10.228122351954312	-10.228122351954312	-1.4316441500186998
341	-10.228122351954312	-10.228122351954312	-1.4309990288426129
342	-10.228122351954312	-10.228122351954312	-1.430352387918936
343	-10.228122351954312	-10.228122351954312	-1.429704223551029
344	-10.228122351954312	-10.228122351954312	-1.4290545320357402
345	-10.228122351954312	-10.228122351954312	-1.4284033096637885
346	-10.228122351954312	-10.228122351954312	-1.427750552719828
347	-10.228122351954312	-10.228122351954312	-1.427096257482182
348	-10.228122351954312	-10.228122351954312	-1.4264404202235594
349	-10.228122351954312	-10.228122351954312	-1.4257830372111207
350	-10.228122351954312	-10.228122351954312	-1.425124104706544
351	-10.228122351954312	-10.228122351954312	-1.424463618966753
352	-10.228122351954312	-10.228122351954312	-1.42380157624399
353	-10.228122351954312	-10.228122351954312	-1.4231379727858886
354	-10.228122351954312	-10.228122351954312	-1.4224728048355488
355	-10.228122351954312	-10.228122351954312	-1.4218060686322773
356	-10.228122351954312	-10.228122351954312	-1.4211377604120026
357	-10.228122351954312	-10.228122351954312	-1.4204678764070242
358	-10.228122351954312	-10.228122351954312	-1.4197964128464302
359	-10.228122351954312	-10.228122351954312	-1.4191233659561826
360	-10.228122351954312	-10.228122351954312	-1.4184487319595398
361	-10.228122351954312	-10.228122351954312	-1.4177725070778224
362	-10.228122351954312	-10.228122351954312	-1.417094687530509
363	-10.228122351954312	-10.228122351954312	-1.4164152695353323
364	-10.228122351954312	-10.228122351954312	-1.4157342493083758
365	-10.228122351954312	-10.228122351954312	-1.4150516230641725
366	-10.228122351954312	-10.228122351954312	-1.4143673870161444
367	-10.228122351954312	-10.228122351954312	-1.413681537377047
368	-10.228122351954312	-10.228122351954312	-1.4129940703590758
369	-10.228122351954312	-10.228122351954312	-1.4123049821743157
370	-10.228122351954312	-10.228122351954312	-1.4116142690355427
371	-10.228122351954312	-10.228122351954312	-1.4109219271563396
372	-10.228122351954312	-10.228122351954312	-1.410227952750867
373	-10.228122351954312	-10.228122351954312	-1.4095323420343266
374	-10.228122351954312	-10.228122351954312	-1.4088350912230792
375	-10.228122351954312	-10.228122351954312	-1.4081361965351147
376	-10.228122351954312	-10.228122351954312	-1.4074356541908752
377	-10.228122351954312	-10.228122351954312	-1.4067334604130355
378	-10.228122351954312	-10.228122351954312	-1.406029611426982
379	-10.228122351954312	-10.228122351954312	-1.4053241034616508
380	-10.228122351954312	-10.228122351954312	-1.4046169327496676
381	-10.228122351954312	-10.228122351954312	-1.403908095527486
382	-10.228122351954312	-10.228122351954312	-1.4031975880355305
383	-10.228122351954312	-10.228122351954312	-1.4024854065183368
384	-10.228122351954312	-10.228122351954312	-1.401771547225052
385	-10.228122351954312	-10.228122351954312	-1.4010560064099398
386	-10.228122351954312	-10.228122351954312	-1.4003387803325298
387	-10.228122351954312	-10.228122351954312	-1.399619865257771
388	-10.228122351954312	-10.228122351954312	-1.3988992574565433
389	-10.228122351954312	-10.228122351954312	-1.398176953206177
390	-10.228122351954312	-10.228122351954312	-1.397452948790974
391	-10.228122351954312	-10.228122351954312	-1.396727240502374
392	-10.228122351954312	-10.228122351954312	-1.395999824639485
393	-10.228122351954312	-10.228122351954312	-1.3952706975096165
394	-10.228122351954312	-10.228122351954312	-1.3945398554280903
395	-10.228122351954312	-10.228122351954312	-1.393807294719145
396	-10.228122351954312	-10.228122351954312	-1.3930730117164831
397	-10.228122351954312	-10.228122351954312	-1.392337002762719
398	-10.228122351954312	-10.228122351954312	-1.3915992642099277
399	-10.228122351954312	-10.228122351954312	-1.390859792420197
400	-10.228122351954312	-10.228122351954312	-1.390118583765816
401	-10.228122351954312	-10.228122351954312	-1.389375634630577
402	-10.228122351954312	-10.228122351954312	-1.3886309414099753
403	-10.228122351954312	-10.228122351954312	-1.387884500511038
404	-10.228122351954312	-10.228122351954312	-1.3871363083528954
405	-10.228122351954312	-10.228122351954312	-1.386386361366985
406	-10.228122351954312	-10.228122351954312	-1.3856346559976311
407	-10.228122351954312	-10.228122351954312	-1.384881188702631
408	-10.228122351954312	-10.228122351954312	-1.3841259559534678
409	-10.228122351954312	-10.228122351954312	-1.3833689542355245
410	-10.228122351954312	-10.228122351954312	-1.38261018004868
411	-10.228122351954312	-10.228122351954312	-1.381849629907909
412	-10.228122351954312	-10.228122351954312	-1.3810873003435071
413	-10.228122351954312	-10.228122351954312	-1.3803231879013167
414	-10.228122351954312	-10.228122351954312	-1.3795572891429544
415	-10.228122351954312	-10.228122351954312	-1.3787896006468072
416	-10.228122351954312	-10.228122351954312	-1.378020119008654
417	-10.228122351954312	-10.228122351954312	-1.3772488408415207
418	-10.228122351954312	-10.228122351954312	-1.3764757627759192
419	-10.228122351954312	-10.228122351954312	-1.3757008814604763
420	-10.228122351954312	-10.228122351954312	-1.3749241935625656
421	-10.228122351954312	-10.228122351954312	-1.3741456957685585
422	-10.228122351954312	-10.228122351954312	-1.3733653847844642
423	-10.228122351954312	-10.228122351954312	-1.3725832573361867
424	-10.228122351954312	-10.228122351954312	-1.3717993101693886
425	-10.228122351954312	-10.228122351954312	-1.37101354005014
426	-10.228122351954312	-10.228122351954312	-1.370225943765965
427	-10.228122351954312	-10.228122351954312	-1.36943651812611
428	-10.228122351954312	-10.228122351954312	-1.368645259961812
429	-10.228122351954312	-10.228122351954312	-1.367852166126967
430	-10.228122351954312	-10.228122351954312	-1.3670572334980065
431	-10.228122351954312	-10.228122351954312	-1.3662604589745697
432	-10.228122351954312	-10.228122351954312	-1.3654618394801807
433	-10.228122351954312	-10.228122351954312	-1.3646613719621308
434	-10.228122351954312	-10.228122351954312	-1.36385905339216
435	-10.228122351954312	-10.228122351954312	-1.3630548807671452
436	-10.228122351954312	-10.228122351954312	-1.3622488511093895
437	-10.228122351954312	-10.228122351954312	-1.361440961466914
438	-10.228122351954312	-10.228122351954312	-1.360631208914156
439	-10.228122351954312	-10.228122351954312	-1.3598195905530768
440	-10.228122351954312	-10.228122351954312	-1.3590061035130625
441	-10.228122351954312	-10.228122351954312	-1.3581907449508197
442	-10.228122351954312	-10.228122351954312	-1.3573735120510853
443	-10.228122351954312	-10.228122351954312	-1.3565544020273428
444	-10.228122351954312	-10.228122351954312	-1.3557334121221338
445	-10.228122351954312	-10.228122351954312	-1.3549105396073704
446	-10.228122351954312	-10.228122351954312	-1.3540857817850613
447	-10.228122351954312	-10.228122351954312	-1.3532591359872173
448	-10.228122351954312	-10.228122351954312	-1.3524305995761678
449	-10.228122351954312	-10.228122351954312	-1.3516001699457094
450	-10.228122351954312	-10.228122351954312	-1.3507678445214308
451	-10.228122351954312	-10.228122351954312	-1.3499336207606243
452	-10.228122351954312	-10.228122351954312	-1.3490974961530282
453	-10.228122351954312	-10.228122351954312	-1.348259468221576
454	-10.228122351954312	-10.228122351954312	-1.3474195345227313
455	-10.228122351954312	-10.228122351954312	-1.346577692646823
456	-10.228122351954312	-10.228122351954312	-1.3457339402188047
457	-10.228122351954312	-10.228122351954312	-1.3448882748985973
458	-10.228122351954312	-10.228122351954312	-1.3440406943810077
459	-10.228122351954312	-10.228122351954312	-1.3431911963964944
460	-10.228122351954312	-10.228122351954312	-1.3423397787115134
461	-10.228122351954312	-10.228122351954312	-1.3414864391288648
462	-10.228122351954312	-10.228122351954312	-1.34063117548804
463	-10.228122351954312	-10.228122351954312	-1.339773985665572
464	-10.228122351954312	-10.228122351954312	-1.3389148675758136
465	-10.228122351954312	-10.228122351954312	-1.3380538191708629
466	-10.228122351954312	-10.228122351954312	-1.3371908384409146
467	-10.228122351954312	-10.228122351954312	-1.336325923415479
468	-10.228122351954312	-10.228122351954312	-1.335459072163743
469	-10.228122351954312	-10.228122351954312	-1.3345902827944989
470	-10.228122351954312	-10.228122351954312	-1.3337195534569397
471	-10.228122351954312	-10.228122351954312	-1.3328468823410238
472	-10.228122351954312	-10.228122351954312	-1.331972267677404
473	-10.228122351954312	-10.228122351954312	-1.3310957077377896
474	-10.228122351954312	-10.228122351954312	-1.3302172008357511
475	-10.228122351954312	-10.228122351954312	-1.329336745327087
476	-10.228122351954312	-10.228122351954312	-1.3284543396101949
477	-10.228122351954312	-10.228122351954312	-1.3275699821264408
478	-10.228122351954312	-10.228122351954312	-1.3266836713600882
479	-10.228122351954312	-10.228122351954312	-1.3257954058395538
480	-10.228122351954312	-10.228122351954312	-1.3249051841377846
481	-10.228122351954312	-10.228122351954312	-1.3240130048721894
482	-10.228122351954312	-10.228122351954312	-1.3231188667050136
483	-10.228122351954312	-10.228122351954312	-1.3222227683437136
484	-10.228122351954312	-10.228122351954312	-1.3213247085413335
485	-10.228122351954312	-10.228122351954312	-1.3204246860968825
486	-10.228122351954312	-10.228122351954312	-1.3195226998561616
487	-10.228122351954312	-10.228122351954312	-1.3186187487116947
488	-10.228122351954312	-10.228122351954312	-1.3177128316026545
489	-10.228122351954312	-10.228122351954312	-1.3168049475156915
490	-10.228122351954312	-10.228122351954312	-1.3158950954853141
491	-10.228122351954312	-10.228122351954312	-1.3149832745942691
492	-10.228122351954312	-10.228122351954312	-1.3140694839739229
493	-10.228122351954312	-10.228122351954312	-1.3131537228041847
494	-10.228122351954312	-10.228122351954312	-1.312235990313886
495	-10.228122351954312	-10.228122351954312	-1.3113162857816176
496	-10.228122351954312	-10.228122351954312	-1.3103946085365745
497	-10.228122351954312	-10.228122351954312	-1.3094709579580186
498	-10.228122351954312	-10.228122351954312	-1.3085453334751966
499	-10.228122351954312	-10.228122351954312	-1.30761773456818
500	-10.228122351954312	-10.228122351954312	-1.306688160768246
501	-10.228122351954312	-10.228122351954312	-1.305756611658257
502	-10.228122351954312	-10.228122351954312	-1.3048230868725779
503	-10.228122351954312	-10.228122351954312	-1.3038875860974508
504	-10.228122351954312	-10.228122351954312	-1.3029501090713747
505	-10.228122351954312	-10.228122351954312	-1.3020106555854825
506	-10.228122351954312	-10.228122351954312	-1.3010692254834493
507	-10.228122351954312	-10.228122351954312	-1.3001258186618665
508	-10.228122351954312	-10.228122351954312	-1.2991804350710887
509	-10.228122351954312	-10.228122351954312	-1.2982330747151392
510	-10.228122351954312	-10.228122351954312	-1.297283737652084
511	-10.228122351954312	-10.228122351954312	-1.2963324239939316
512	-10.228122351954312	-10.228122351954312	-1.2953791339070029
513	-10.228122351954312	-10.228122351954312	-1.294423867612303
514	-10.228122351954312	-10.228122351954312	-1.2934666253854123
515	-10.228122351954312	-10.228122351954312	-1.2925074075568546
516	-10.228122351954312	-10.228122351954312	-1.291546214512462
517	-10.228122351954312	-10.228122351954312	-1.2905830466937434
518	-10.228122351954312	-10.228122351954312	-1.2896179045977658
519	-10.228122351954312	-10.228122351954312	-1.2886507887775187
520	-10.228122351954312	-10.228122351954312	-1.2876816998422744
521	-10.228122351954312	-10.228122351954312	-1.2867106384574654
522	-10.228122351954312	-10.228122351954312	-1.285737605345041
523	-10.228122351954312	-10.228122351954312	-1.2847626012833369
524	-10.228122351954312	-10.228122351954312	-1.2837856271074288
525	-10.228122351954312	-10.228122351954312	-1.2828066837094847
526	-10.228122351954312	-10.228122351954312	-1.2818257720381352
527	-10.228122351954312	-10.228122351954312	-1.280842893098819
528	-10.228122351954312	-10.228122351954312	-1.2798580479546173
529	-10.228122351954312	-10.228122351954312	-1.2788712377266016
530	-10.228122351954312	-10.228122351954312	-1.2778824635936845
531	-10.228122351954312	-10.228122351954312	-1.2768917267924667
532	-10.228122351954312	-10.228122351954312	-1.2758990286170777
533	-10.228122351954312	-10.228122351954312	-1.274904370419509
534	-10.228122351954312	-10.228122351954312	-1.2739077536094479
535	-10.228122351954312	-10.228122351954312	-1.2729091796546046
536	-10.228122351954312	-10.228122351954312	-1.2719086500815397
537	-10.228122351954312	-10.228122351954312	-1.270906166474992
538	-10.228122351954312	-10.228122351954312	-1.2699017304781999
539	-10.228122351954312	-10.228122351954312	-1.268895343792718
540	-10.228122351954312	-10.228122351954312	-1.2678870081777263
541	-10.228122351954312	-10.228122351954312	-1.266876725450337
542	-10.228122351954312	-10.228122351954312	-1.2658644974864082
543	-10.228122351954312	-10.228122351954312	-1.264850326220852
544	-10.228122351954312	-10.228122351954312	-1.2638342136474359
545	-10.228122351954312	-10.228122351954312	-1.2628161618185783
546	-10.228122351954312	-10.228122351954312	-1.2617961728451361
547	-10.228122351954312	-10.228122351954312	-1.2607742488967002
548	-10.228122351954312	-10.228122351954312	-1.259750392201376
549	-10.228122351954312	-10.228122351954312	-1.258724605046072
550	-10.228122351954312	-10.228122351954312	-1.257696889776274
551	-10.228122351954312	-10.228122351954312	-1.2566672487952957
552	-10.228122351954312	-10.228122351954312	-1.255635684565071
553	-10.228122351954312	-10.228122351954312	-1.2546021996059111
554	-10.228122351954312	-10.228122351954312	-1.25356679649626
555	-10.228122351954312	-10.228122351954312	-1.2525294778729594
556	-10.228122351954312	-10.228122351954312	-1.2514902464309952
557	-10.228122351954312	-10.228122351954312	-1.2504491049232367
558	-10.228122351954312	-10.228122351954312	-1.2494060561606921
559	-10.228122351954312	-10.228122351954312	-1.2483611030127617
560	-10.228122351954312	-10.228122351954312	-1.2473142484064443
561	-10.228122351954312	-10.228122351954312	-1.2462654953265802
562	-10.228122351954312	-10.228122351954312	-1.2452148468160942
563	-10.228122351954312	-10.228122351954312	-1.2441623059751836
564	-10.228122351954312	-10.228122351954312	-1.243107875961024
565	-10.228122351954312	-10.228122351954312	-1.2420515599874673
566	-10.228122351954312	-10.228122351954312	-1.2409933613247355
567	-10.228122351954312	-10.228122351954312	-1.2399332833001677
568	-10.228122351954312	-10.228122351954312	-1.2388713292984386
569	-10.228122351954312	-10.228122351954312	-1.2378075027612447
570	-10.228122351954312	-10.228122351954312	-1.2367418071869838
571	-10.228122351954312	-10.228122351954312	-1.235674246129895
572	-10.228122351954312	-10.228122351954312	-1.234604823200257
573	-10.228122351954312	-10.228122351954312	-1.2335335420640503
574	-10.228122351954312	-10.228122351954312	-1.232460406442611
575	-10.228122351954312	-10.228122351954312	-1.2313854201122818
576	-10.228122351954312	-10.228122351954312	-1.2303085869045927
577	-10.228122351954312	-10.228122351954312	-1.229229910706441
578	-10.228122351954312	-10.228122351954312	-1.2281493954591896
579	-10.228122351954312	-10.228122351954312	-1.2270670451582948
580	-10.228122351954312	-10.228122351954312	-1.22598286385293
581	-10.228122351954312	-10.228122351954312	-1.2248968556461437
582	-10.228122351954312	-10.228122351954312	-1.2238090246950184
583	-10.228122351954312	-10.228122351954312	-1.222719375209736
584	-10.228122351954312	-10.228122351954312	-1.2216279114531807
585	-10.228122351954312	-10.228122351954312	-1.2205346377416268
586	-10.228122351954312	-10.228122351954312	-1.2194395584437887
587	-10.228122351954312	-10.228122351954312	-1.2183426779804072
588	-10.228122351954312	-10.228122351954312	-1.2172440008243806
589	-10.228122351954312	-10.228122351954312	-1.2161435315003424
590	-10.228122351954312	-10.228122351954312	-1.2150412745836836
591	-10.228122351954312	-10.228122351954312	-1.2139372347006667
592	-10.228122351954312	-10.228122351954312	-1.2128314165285399
593	-10.228122351954312	-10.228122351954312	-1.2117238247945408
594	-10.228122351954312	-10.228122351954312	-1.210614464275445
595	-10.228122351954312	-10.228122351954312	-1.209503339797109
596	-10.228122351954312	-10.228122351954312	-1.208390456234006
597	-10.228122351954312	-10.228122351954312	-1.2072758185098726
598	-10.228122351954312	-10.228122351954312	-1.2061594315977977
599	-10.228122351954312	-10.228122351954312	-1.2050413005186331
600	-10.228122351954312	-10.228122351954312	-1.203921430340511
601	-10.228122351954312	-10.228122351954312	-1.2027998261783541
602	-10.228122351954312	-10.228122351954312	-1.2016764931939423
603	-10.228122351954312	-10.228122351954312	-1.2005514365954146
604	-10.228122351954312	-10.228122351954312	-1.1994246616367663
605	-10.228122351954312	-10.228122351954312	-1.1982961736173392
606	-10.228122351954312	-10.228122351954312	-1.197165977881307
607	-10.228122351954312	-10.228122351954312	-1.1960340798177207
608	-10.228122351954312	-10.228122351954312	-1.1949004848594182
609	-10.228122351954312	-10.228122351954312	-1.193765198483061
610	-10.228122351954312	-10.228122351954312	-1.1926282262091672
611	-10.228122351954312	-10.228122351954312	-1.191489573601575
612	-10.228122351954312	-10.228122351954312	-1.1903492462663305
613	-10.228122351954312	-10.228122351954312	-1.189207249851137
614	-10.228122351954312	-10.228122351954312	-1.1880635900453689
615	-10.228122351954312	-10.228122351954312	-1.1869182725795135
616	-10.228122351954312	-10.228122351954312	-1.1857713032246067
617	-10.228122351954312	-10.228122351954312	-1.1846226877916628
618	-10.228122351954312	-10.228122351954312	-1.1834724321310992
619	-10.228122351954312	-10.228122351954312	-1.1823205421327319
620	-10.228122351954312	-10.228122351954312	-1.1811670237257688
621	-10.228122351954312	-10.228122351954312	-1.18001188287707
622	-10.228122351954312	-10.228122351954312	-1.178855125590551
623	-10.228122351954312	-10.228122351954312	-1.1776967579083184
624	-10.228122351954312	-10.228122351954312	-1.176536785909492
625	-10.228122351954312	-10.228122351954312	-1.175375215709018
626	-10.228122351954312	-10.228122351954312	-1.1742120534576364
627	-10.228122351954312	-10.228122351954312	-1.173047305341264
628	-10.228122351954312	-10.228122351954312	-1.1718809775803742
629	-10.228122351954312	-10.228122351954312	-1.1707130764293694
630	-10.228122351954312	-10.228122351954312	-1.1695436081759498
631	-10.228122351954312	-10.228122351954312	-1.1683725791410629
632	-10.228122351954312	-10.228122351954312	-1.1671999956788508
633	-10.228122351954312	-10.228122351954312	-1.1660258641754233
634	-10.228122351954312	-10.228122351954312	-1.1648501910482099
635	-10.228122351954312	-10.228122351954312	-1.1636729827458947
636	-10.228122351954312	-10.228122351954312	-1.1624942457471736
637	-10.228122351954312	-10.228122351954312	-1.161313986560091
638	-10.228122351954312	-10.228122351954312	-1.1601322117225543
639	-10.228122351954312	-10.228122351954312	-1.1589489278022607
640	-10.228122351954312	-10.228122351954312	-1.1577641413948438
641	-10.228122351954312	-10.228122351954312	-1.1565778591231963
642	-10.228122351954312	-10.228122351954312	-1.155390087637381
643	-10.228122351954312	-10.228122351954312	-1.154200833613947
644	-10.228122351954312	-10.228122351954312	-1.1530101037558367
645	-10.228122351954312	-10.228122351954312	-1.151817904791695
646	-10.228122351954312	-10.228122351954312	-1.1506242434751761
647	-10.228122351954312	-10.228122351954312	-1.1494291265842436
648	-10.228122351954312	-10.228122351954312	-1.1482325609210666
649	-10.228122351954312	-10.228122351954312	-1.1470345533113149
650	-10.228122351954312	-10.228122351954312	-1.1458351106034503
651	-10.228122351954312	-10.228122351954312	-1.1446342396680145
652	-10.228122351954312	-10.228122351954312	-1.1434319473975127
653	-10.228122351954312	-10.228122351954312	-1.142228240705094
654	-10.228122351954312	-10.228122351954312	-1.1410231265244293
655	-10.228122351954312	-10.228122351954312	-1.1398166118101911
656	-10.228122351954312	-10.228122351954312	-1.1386087035361216
657	-10.228122351954312	-10.228122351954312	-1.1373994086949035
