1	-0.005999	-0.006	-0.006	-0.006	-0.005999	-3e-06	-3e-06	-3e-06
2	-0.011996999999999999	-0.012	-0.012	-0.012	-0.011996999999999999	-1.2e-05	-1.2e-05	-1.2e-05
3	-0.017991999999999998	-0.017998999999999998	-0.018	-0.018	-0.017991999999999998	-2.7e-05	-2.7e-05	-2.7e-05
4	-0.023982999999999997	-0.023996999999999997	-0.024	-0.024	-0.023982999999999997	-4.7998000000000004e-05	-4.7999999999999994e-05	-4.7999999999999994e-05
5	-0.029969	-0.029994	-0.03	-0.03	-0.029969	-7.499400000000001e-05	-7.5e-05	-7.5e-05
6	-0.035949999999999996	-0.035989	-0.036	-0.035998999999999996	-0.035949999999999996	-0.000107986	-0.000108	-0.000108
7	-0.041923999999999996	-0.041982	-0.041999999999999996	-0.041997	-0.041923999999999996	-0.00014697200000000002	-0.000147	-0.000146998
8	-0.047889999999999995	-0.047972	-0.048	-0.047994999999999996	-0.047889999999999995	-0.00019195	-0.000192	-0.000191994
9	-0.053846	-0.053959	-0.054	-0.053993	-0.053846	-0.000242916	-0.000243	-0.000242988
10	-0.059794	-0.059942999999999996	-0.06	-0.059989999999999995	-0.059794	-0.000299868	-0.0003	-0.00029998
11	-0.065731	-0.065923	-0.066	-0.065986	-0.065731	-0.00036280199999999996	-0.000363	-0.000362968
12	-0.071656	-0.07189899999999999	-0.072	-0.071981	-0.071656	-0.0004317139999999999	-0.000432	-0.00043195200000000004
13	-0.07757	-0.077871	-0.078	-0.077975	-0.07757	-0.0005066	-0.000507	-0.00050693
14	-0.08347	-0.083838	-0.08399999999999999	-0.083968	-0.08347	-0.000587456	-0.0005879999999999999	-0.000587902
15	-0.08935699999999999	-0.08980099999999999	-0.09	-0.08996	-0.08935699999999999	-0.0006742769999999999	-0.0006749999999999999	-0.0006748659999999999
16	-0.095229	-0.095758	-0.096	-0.095951	-0.095229	-0.0007670579999999999	-0.0007679999999999999	-0.0007678219999999998
17	-0.101086	-0.10171	-0.102	-0.10194099999999999	-0.101086	-0.000865794	-0.0008669999999999998	-0.0008667679999999997
18	-0.106928	-0.107656	-0.108	-0.10793	-0.106928	-0.000970479	-0.0009719999999999999	-0.0009717039999999997
19	-0.11275299999999999	-0.11359599999999999	-0.11399999999999999	-0.11391799999999999	-0.11275299999999999	-0.0010811070000000002	-0.001083	-0.0010826279999999998
20	-0.118562	-0.11953	-0.12	-0.119905	-0.118562	-0.001197672	-0.0012	-0.0011995399999999996
21	-0.12435399999999999	-0.12545599999999998	-0.126	-0.12589	-0.12435399999999999	-0.001320167	-0.0013229999999999997	-0.0013224379999999998
22	-0.130128	-0.131376	-0.132	-0.131873	-0.130128	-0.0014485849999999998	-0.001452	-0.0014513199999999997
23	-0.135885	-0.137288	-0.13799999999999998	-0.137854	-0.135885	-0.0015829189999999997	-0.001587	-0.0015861839999999998
24	-0.141624	-0.14319199999999999	-0.144	-0.143834	-0.141624	-0.0017231609999999997	-0.0017280000000000002	-0.0017270279999999998
25	-0.147344	-0.149088	-0.15	-0.149813	-0.147344	-0.001869303	-0.0018750000000000001	-0.0018738519999999996
26	-0.153045	-0.154975	-0.156	-0.15578999999999998	-0.153045	-0.002021337	-0.0020280000000000003	-0.0020266539999999997
27	-0.158726	-0.160854	-0.162	-0.161765	-0.158726	-0.0021792539999999994	-0.0021870000000000006	-0.0021854319999999997
28	-0.164388	-0.16672499999999998	-0.16800099999999998	-0.167738	-0.164388	-0.0023430459999999997	-0.0023520010000000003	-0.0023501839999999995
29	-0.170031	-0.172586	-0.174002	-0.173709	-0.170031	-0.0025127039999999993	-0.0025230030000000002	-0.0025209079999999992
30	-0.175655	-0.17843799999999999	-0.180003	-0.179678	-0.175655	-0.0026882189999999995	-0.0027000060000000005	-0.002697601999999999
31	-0.181259	-0.18428	-0.186004	-0.185645	-0.181259	-0.0028695809999999995	-0.00288301	-0.002880263999999999
32	-0.18684299999999998	-0.190112	-0.19200499999999998	-0.19161	-0.18684299999999998	-0.0030567799999999994	-0.003072015	-0.003068891999999999
33	-0.192407	-0.195934	-0.198006	-0.197572	-0.192407	-0.003249805999999999	-0.003267021	-0.0032634839999999992
34	-0.197952	-0.20174599999999998	-0.204007	-0.203531	-0.197952	-0.003448648999999999	-0.0034680279999999997	-0.003464035999999999
35	-0.203477	-0.20754599999999998	-0.210008	-0.20948799999999998	-0.203477	-0.0036532979999999993	-0.0036750359999999996	-0.003670545999999999
36	-0.208983	-0.213336	-0.21600899999999998	-0.215443	-0.208983	-0.003863741999999999	-0.0038880449999999997	-0.0038830119999999986
37	-0.214468	-0.219114	-0.22200999999999999	-0.22139499999999998	-0.214468	-0.00407997	-0.004107055	-0.004101431999999999
38	-0.219933	-0.224881	-0.228011	-0.227344	-0.219933	-0.004301970999999999	-0.004332066000000001	-0.004325801999999998
39	-0.225379	-0.23063599999999998	-0.234012	-0.233291	-0.225379	-0.0045297329999999985	-0.004563078	-0.004556119999999999
40	-0.23080399999999998	-0.23637899999999998	-0.24001299999999998	-0.23923499999999998	-0.23080399999999998	-0.004763243999999999	-0.004800090999999999	-0.0047923839999999985
41	-0.23620999999999998	-0.24211	-0.24601399999999998	-0.24517599999999998	-0.23620999999999998	-0.005002491999999998	-0.005043104999999999	-0.0050345899999999985
42	-0.24159499999999998	-0.247829	-0.252015	-0.251114	-0.24159499999999998	-0.005247464999999999	-0.005292119999999999	-0.005282735999999998
43	-0.24695999999999999	-0.253535	-0.25801599999999997	-0.25704899999999997	-0.24695999999999999	-0.005498150999999999	-0.005547135999999999	-0.005536817999999997
44	-0.252306	-0.259228	-0.264019	-0.26298099999999996	-0.252306	-0.0057545359999999985	-0.005808153999999999	-0.005796833999999997
45	-0.25763199999999997	-0.264908	-0.270022	-0.26891	-0.25763199999999997	-0.006016607999999999	-0.006075174999999999	-0.006062779999999997
46	-0.262939	-0.270574	-0.27602499999999996	-0.27483599999999997	-0.262939	-0.006284352999999999	-0.006348198999999999	-0.006334653999999997
47	-0.26822599999999996	-0.276228	-0.282028	-0.280758	-0.26822599999999996	-0.006557757999999999	-0.006627225999999998	-0.006612451999999996
48	-0.273494	-0.281868	-0.288031	-0.28667699999999996	-0.273494	-0.006836809999999999	-0.006912255999999999	-0.006896169999999997
49	-0.278742	-0.28749399999999997	-0.29403399999999996	-0.292593	-0.278742	-0.0071214949999999985	-0.007203288999999998	-0.007185805999999996
50	-0.28397	-0.293105	-0.300037	-0.29850499999999996	-0.28397	-0.007411798999999998	-0.007500324999999999	-0.007481355999999996
51	-0.28917899999999996	-0.29870199999999997	-0.30604	-0.304413	-0.28917899999999996	-0.007707706999999998	-0.007803363999999998	-0.007782815999999996
52	-0.29436799999999996	-0.304284	-0.312044	-0.310317	-0.29436799999999996	-0.008009203999999999	-0.008112406999999997	-0.008090181999999996
53	-0.29953799999999997	-0.309851	-0.31804899999999997	-0.31621699999999997	-0.29953799999999997	-0.008316275999999997	-0.008427453999999996	-0.008403449999999995
54	-0.304689	-0.31540399999999996	-0.324054	-0.322113	-0.304689	-0.008628907999999998	-0.008748505999999994	-0.008722615999999994
55	-0.309821	-0.320941	-0.330059	-0.32800599999999996	-0.309821	-0.008947084999999997	-0.009075562999999993	-0.009047675999999992
56	-0.314934	-0.326464	-0.336064	-0.33389599999999997	-0.314934	-0.009270791999999996	-0.009408624999999992	-0.009378627999999991
57	-0.320029	-0.33197099999999996	-0.34207	-0.339781	-0.320029	-0.009600013999999997	-0.009747692999999993	-0.009715467999999993
58	-0.325104	-0.337462	-0.348076	-0.345661	-0.325104	-0.009934734999999997	-0.010092766999999994	-0.010058189999999993
59	-0.330161	-0.342937	-0.354083	-0.351537	-0.330161	-0.010274938999999997	-0.010443846999999994	-0.010406789999999994
60	-0.33519899999999997	-0.348396	-0.36008999999999997	-0.357409	-0.33519899999999997	-0.010620609999999996	-0.010800933999999993	-0.010761263999999994
61	-0.340219	-0.35383899999999996	-0.366097	-0.36327699999999996	-0.340219	-0.010971731999999994	-0.011164027999999994	-0.011121607999999993
62	-0.34521999999999997	-0.359266	-0.37210499999999996	-0.369141	-0.34521999999999997	-0.011328288999999995	-0.011533129999999994	-0.011487817999999992
63	-0.350203	-0.364676	-0.378114	-0.375001	-0.350203	-0.011690264999999995	-0.011908239999999995	-0.011859889999999993
64	-0.35516899999999996	-0.37007	-0.384123	-0.380856	-0.35516899999999996	-0.012057642999999996	-0.012289358999999994	-0.012237819999999991
65	-0.360116	-0.375446	-0.390133	-0.386706	-0.360116	-0.012430405999999998	-0.012676487999999994	-0.01262160199999999
66	-0.365046	-0.380806	-0.39614299999999997	-0.39255199999999996	-0.365046	-0.012808536999999998	-0.013069626999999995	-0.013011231999999989
67	-0.369958	-0.386148	-0.40215399999999996	-0.398393	-0.369958	-0.013192019	-0.013468775999999997	-0.013406705999999989
68	-0.374853	-0.39147299999999996	-0.408165	-0.404229	-0.374853	-0.013580835	-0.013873935999999998	-0.01380801799999999
69	-0.379731	-0.396781	-0.41417699999999996	-0.41006	-0.379731	-0.013974966999999998	-0.014285108	-0.01421516399999999
70	-0.384592	-0.40207099999999996	-0.42019	-0.415886	-0.384592	-0.014374397999999997	-0.014702292	-0.01462813799999999
71	-0.389437	-0.407344	-0.426203	-0.421707	-0.389437	-0.014779110999999998	-0.015125489	-0.015046935999999992
72	-0.394265	-0.412599	-0.43221699999999996	-0.427523	-0.394265	-0.015189087999999996	-0.0155547	-0.01547155199999999
73	-0.39907699999999996	-0.417836	-0.43823199999999995	-0.433334	-0.39907699999999996	-0.015604310999999996	-0.015989925	-0.01590198199999999
74	-0.403873	-0.42305499999999996	-0.444248	-0.439139	-0.403873	-0.016024761999999998	-0.016431166	-0.01633821999999999
75	-0.408653	-0.428255	-0.450264	-0.444939	-0.408653	-0.016450423	-0.016878423	-0.016780259999999988
76	-0.413417	-0.433436	-0.456281	-0.45073399999999997	-0.413417	-0.016881274	-0.017331695999999997	-0.017228097999999987
77	-0.418166	-0.43859899999999996	-0.46229899999999996	-0.45652299999999996	-0.418166	-0.017317297000000002	-0.017790986999999998	-0.017681727999999987
78	-0.42290099999999997	-0.443743	-0.46831799999999996	-0.462306	-0.42290099999999997	-0.017758474000000003	-0.018256295999999995	-0.018141143999999984
79	-0.427621	-0.448868	-0.474338	-0.468084	-0.427621	-0.018204785	-0.018727624999999994	-0.018606339999999985
80	-0.432326	-0.453974	-0.480359	-0.473857	-0.432326	-0.018656212	-0.019204973999999996	-0.019077311999999985
81	-0.43701799999999996	-0.459061	-0.48638099999999995	-0.479624	-0.43701799999999996	-0.019112735	-0.019688345	-0.019554053999999987
82	-0.441696	-0.46412899999999996	-0.49240399999999995	-0.48538499999999996	-0.441696	-0.019574335999999998	-0.020177737999999997	-0.020036559999999988
83	-0.44636	-0.46917699999999996	-0.498428	-0.49113999999999997	-0.44636	-0.020040995	-0.020673154999999995	-0.02052482399999999
84	-0.451011	-0.474205	-0.5044529999999999	-0.49688899999999997	-0.451011	-0.020512692	-0.021174595999999993	-0.02101883999999999
85	-0.45564899999999997	-0.479213	-0.510479	-0.502632	-0.45564899999999997	-0.020989407	-0.02168206299999999	-0.02151860199999999
86	-0.460275	-0.48420199999999997	-0.5165069999999999	-0.508369	-0.460275	-0.021471121000000003	-0.022195556999999994	-0.02202410399999999
87	-0.46488799999999997	-0.48917099999999997	-0.522536	-0.514099	-0.46488799999999997	-0.021957814000000006	-0.022715078999999996	-0.022535339999999987
88	-0.46948999999999996	-0.49412	-0.528566	-0.519822	-0.46948999999999996	-0.022449466000000008	-0.023240630999999994	-0.02305230199999999
89	-0.474081	-0.499048	-0.534597	-0.525539	-0.474081	-0.022946056000000006	-0.023772212999999997	-0.023574983999999986
90	-0.47866	-0.503956	-0.540629	-0.53125	-0.47866	-0.023447564000000004	-0.024309826999999996	-0.024103379999999987
91	-0.48322899999999996	-0.5088429999999999	-0.546663	-0.536955	-0.48322899999999996	-0.023953970000000005	-0.024853473999999997	-0.024637483999999987
92	-0.487788	-0.51371	-0.552698	-0.5426529999999999	-0.487788	-0.024465253000000006	-0.025403155	-0.025177289999999984
93	-0.492336	-0.518556	-0.558735	-0.5483439999999999	-0.492336	-0.024981392000000005	-0.025958871999999997	-0.02572278999999998
94	-0.49687499999999996	-0.523381	-0.564773	-0.554029	-0.49687499999999996	-0.025502367000000005	-0.026520626999999995	-0.026273977999999983
95	-0.501405	-0.528184	-0.570813	-0.559707	-0.501405	-0.026028156000000004	-0.027088420999999998	-0.026830847999999984
96	-0.505925	-0.532967	-0.576854	-0.5653779999999999	-0.505925	-0.026558738000000005	-0.027662255	-0.02739339199999998
97	-0.510437	-0.537728	-0.582897	-0.5710419999999999	-0.510437	-0.027094092000000007	-0.028242131	-0.02796160399999998
98	-0.514941	-0.5424669999999999	-0.5889409999999999	-0.576699	-0.514941	-0.027634196000000007	-0.028828050999999997	-0.028535475999999983
99	-0.5194369999999999	-0.547184	-0.5949869999999999	-0.582349	-0.5194369999999999	-0.02817902800000001	-0.029420015999999997	-0.02911500199999998
100	-0.523926	-0.5518799999999999	-0.601035	-0.5879909999999999	-0.523926	-0.02872856700000001	-0.030018028	-0.029700173999999982
101	-0.528407	-0.556554	-0.607085	-0.593626	-0.528407	-0.02928279100000001	-0.030622089	-0.03029098399999998
102	-0.532882	-0.561205	-0.6131369999999999	-0.599254	-0.532882	-0.02984167700000001	-0.031232201000000005	-0.03088742599999998
103	-0.53735	-0.565834	-0.6191909999999999	-0.604874	-0.53735	-0.030405203000000013	-0.031848366	-0.03148949199999998
104	-0.541812	-0.57044	-0.625247	-0.610487	-0.541812	-0.030973347000000012	-0.03247058600000001	-0.03209717399999998
105	-0.546269	-0.575024	-0.631304	-0.616093	-0.546269	-0.031546086000000015	-0.03309886200000001	-0.03271046599999998
106	-0.55072	-0.5795859999999999	-0.637363	-0.621691	-0.55072	-0.03212339800000001	-0.03373319600000001	-0.033329359999999975
107	-0.5551659999999999	-0.584124	-0.643425	-0.627281	-0.5551659999999999	-0.032705260000000014	-0.03437359100000001	-0.03395384799999998
108	-0.559607	-0.588639	-0.649489	-0.632863	-0.559607	-0.03329164900000002	-0.03502004900000001	-0.034583921999999975
109	-0.564044	-0.593131	-0.655555	-0.6384369999999999	-0.564044	-0.033882541000000016	-0.035672572000000013	-0.035219573999999976
110	-0.568477	-0.597599	-0.661623	-0.644003	-0.568477	-0.03447791300000001	-0.036331162000000014	-0.03586079599999997
111	-0.5729069999999999	-0.602043	-0.667693	-0.6495609999999999	-0.5729069999999999	-0.03507774100000001	-0.03699582100000001	-0.03650757999999997
112	-0.577334	-0.606464	-0.673765	-0.655111	-0.577334	-0.035682002000000004	-0.037666551000000006	-0.03715991799999997
113	-0.581758	-0.610861	-0.67984	-0.6606529999999999	-0.581758	-0.03629067200000001	-0.03834335400000001	-0.03781780199999997
114	-0.586179	-0.615234	-0.685917	-0.666187	-0.586179	-0.03690372700000001	-0.03902623300000001	-0.03848122399999997
115	-0.5905969999999999	-0.619582	-0.691997	-0.671713	-0.5905969999999999	-0.03752114200000001	-0.03971519100000001	-0.03915017599999997
116	-0.5950139999999999	-0.6239049999999999	-0.698079	-0.67723	-0.5950139999999999	-0.03814289300000001	-0.040410230000000005	-0.03982464999999996
117	-0.599429	-0.628204	-0.704164	-0.682738	-0.599429	-0.03876895500000001	-0.041111352000000004	-0.040504635999999955
118	-0.603842	-0.632478	-0.710252	-0.688238	-0.603842	-0.03939930400000001	-0.041818561000000004	-0.04119012599999995
119	-0.608255	-0.6367269999999999	-0.7163419999999999	-0.6937289999999999	-0.608255	-0.040033914000000004	-0.042531859000000005	-0.041881111999999956
120	-0.612667	-0.64095	-0.7224349999999999	-0.6992109999999999	-0.612667	-0.04067276	-0.043251248000000006	-0.04257758399999996
121	-0.6170789999999999	-0.6451479999999999	-0.7285309999999999	-0.704685	-0.6170789999999999	-0.041315817000000005	-0.043976732000000004	-0.04327953399999997
122	-0.62149	-0.64932	-0.734629	-0.71015	-0.62149	-0.04196305900000001	-0.044708313	-0.04398695399999997
123	-0.625902	-0.653466	-0.7407309999999999	-0.715606	-0.625902	-0.04261446000000001	-0.045445994	-0.044699833999999966
124	-0.630313	-0.657586	-0.7468349999999999	-0.7210529999999999	-0.630313	-0.043269994000000006	-0.046189778	-0.04541816599999997
125	-0.634725	-0.6616799999999999	-0.7529429999999999	-0.726491	-0.634725	-0.04392963500000001	-0.046939668000000004	-0.046141939999999965
126	-0.639138	-0.665748	-0.759054	-0.73192	-0.639138	-0.044593357000000014	-0.047695667	-0.04687114799999996
127	-0.643552	-0.669789	-0.765168	-0.737339	-0.643552	-0.04526113400000001	-0.04845777899999999	-0.04760577999999996
128	-0.647967	-0.6738029999999999	-0.771285	-0.742749	-0.647967	-0.045932938000000006	-0.04922600599999999	-0.04834582599999995
129	-0.6523829999999999	-0.67779	-0.777405	-0.74815	-0.6523829999999999	-0.04660874300000001	-0.050000351999999984	-0.04909127799999995
130	-0.656801	-0.6817489999999999	-0.7835289999999999	-0.753541	-0.656801	-0.047288521000000014	-0.05078081999999999	-0.049842125999999945
131	-0.661222	-0.685681	-0.7896559999999999	-0.758922	-0.661222	-0.04797224400000001	-0.05156741299999999	-0.05059835999999994
132	-0.6656449999999999	-0.6895859999999999	-0.7957869999999999	-0.764293	-0.6656449999999999	-0.04865988600000001	-0.05236013499999999	-0.051359969999999935
133	-0.6700699999999999	-0.6934629999999999	-0.801921	-0.769654	-0.6700699999999999	-0.04935141900000001	-0.05315898999999999	-0.05212694599999994
134	-0.6744979999999999	-0.697311	-0.808059	-0.775006	-0.6744979999999999	-0.05004681500000001	-0.053963980999999994	-0.05289927799999994
135	-0.678928	-0.7011299999999999	-0.814201	-0.780349	-0.678928	-0.050746044000000004	-0.054775112	-0.05367695799999994
136	-0.683361	-0.704921	-0.8203469999999999	-0.785682	-0.683361	-0.05144907800000001	-0.05559238700000001	-0.05445997599999994
137	-0.687797	-0.708683	-0.8264969999999999	-0.7910039999999999	-0.687797	-0.05215588900000001	-0.05641581000000001	-0.05524832199999993
138	-0.692237	-0.7124159999999999	-0.83265	-0.796315	-0.692237	-0.05286644700000001	-0.05724538400000001	-0.056041983999999934
139	-0.696681	-0.71612	-0.838807	-0.801616	-0.696681	-0.05358072400000001	-0.058081113000000004	-0.05684095199999993
140	-0.701127	-0.7197939999999999	-0.844969	-0.8069069999999999	-0.701127	-0.05429869000000001	-0.058923002	-0.05764521599999993
141	-0.705577	-0.7234379999999999	-0.851135	-0.8121879999999999	-0.705577	-0.055020315000000014	-0.059771055000000003	-0.058454765999999936
142	-0.7100299999999999	-0.7270519999999999	-0.857305	-0.8174589999999999	-0.7100299999999999	-0.05574556900000001	-0.060625276000000006	-0.05926959199999994
143	-0.714488	-0.7306349999999999	-0.8634799999999999	-0.822719	-0.714488	-0.05647442200000001	-0.06148566900000001	-0.060089683999999935
144	-0.71895	-0.7341869999999999	-0.869659	-0.8279679999999999	-0.71895	-0.05720684200000001	-0.062352239000000004	-0.06091502999999994
145	-0.723416	-0.737709	-0.875842	-0.833206	-0.723416	-0.057942799	-0.06322499000000001	-0.061745619999999946
146	-0.7278859999999999	-0.7412	-0.88203	-0.838433	-0.7278859999999999	-0.058682263	-0.064103927	-0.06258144199999995
147	-0.7323609999999999	-0.744659	-0.888223	-0.84365	-0.7323609999999999	-0.059425201999999996	-0.06498905400000002	-0.06342248599999996
148	-0.7368399999999999	-0.7480859999999999	-0.89442	-0.8488559999999999	-0.7368399999999999	-0.060171584	-0.06588037600000002	-0.06426874199999995
149	-0.741323	-0.751481	-0.9006219999999999	-0.85405	-0.741323	-0.060921377	-0.06677789800000003	-0.06512019799999995
150	-0.74581	-0.754844	-0.906829	-0.8592329999999999	-0.74581	-0.061674548999999995	-0.06768162400000002	-0.06597684199999994
151	-0.750301	-0.7581749999999999	-0.913041	-0.864405	-0.750301	-0.06243106799999999	-0.06859156000000002	-0.06683866399999995
152	-0.7547959999999999	-0.761473	-0.9192579999999999	-0.8695649999999999	-0.7547959999999999	-0.06319090199999998	-0.06950771000000003	-0.06770565199999996
153	-0.7592939999999999	-0.7647379999999999	-0.92548	-0.874714	-0.7592939999999999	-0.06395401699999999	-0.07043008000000003	-0.06857779399999996
154	-0.763797	-0.7679699999999999	-0.931707	-0.879852	-0.763797	-0.06472038099999998	-0.07135867400000004	-0.06945507999999996
155	-0.768304	-0.771168	-0.93794	-0.8849779999999999	-0.768304	-0.06548995999999997	-0.07229349800000004	-0.07033749799999996
156	-0.772814	-0.774332	-0.944179	-0.890092	-0.772814	-0.06626271999999998	-0.07323455800000003	-0.07122503599999995
157	-0.777328	-0.777462	-0.950422	-0.8951939999999999	-0.777328	-0.06703862699999998	-0.07418185900000004	-0.07211768199999995
158	-0.781845	-0.780558	-0.9566709999999999	-0.900284	-0.781845	-0.06781764699999997	-0.07513540600000004	-0.07301542399999995
159	-0.786366	-0.78362	-0.962926	-0.905362	-0.786366	-0.06859974599999998	-0.07609520500000005	-0.07391824999999995
160	-0.790891	-0.786647	-0.9691869999999999	-0.9104279999999999	-0.790891	-0.06938488999999996	-0.07706126200000005	-0.07482614799999994
161	-0.79542	-0.789638	-0.9754539999999999	-0.9154819999999999	-0.79542	-0.07017304299999998	-0.07803358300000005	-0.07573910599999993
162	-0.7999529999999999	-0.7925949999999999	-0.9817269999999999	-0.920524	-0.7999529999999999	-0.07096416999999998	-0.07901217400000005	-0.07665711199999993
163	-0.8044899999999999	-0.795516	-0.9880059999999999	-0.925554	-0.8044899999999999	-0.07175823599999999	-0.07999704100000005	-0.07758015399999994
164	-0.809031	-0.7984009999999999	-0.9942909999999999	-0.930572	-0.809031	-0.072555205	-0.08098819000000004	-0.07850821999999995
165	-0.8135749999999999	-0.80125	-1.0005819999999999	-0.935577	-0.8135749999999999	-0.073355041	-0.08198562700000003	-0.07944129799999995
166	-0.8181229999999999	-0.8040619999999999	-1.0068789999999999	-0.940569	-0.8181229999999999	-0.074157708	-0.08298935800000004	-0.08037937399999996
167	-0.8226749999999999	-0.8068369999999999	-1.013183	-0.945549	-0.8226749999999999	-0.07496316800000001	-0.08399938900000004	-0.08132243599999996
168	-0.8272309999999999	-0.8095749999999999	-1.019494	-0.9505159999999999	-0.8272309999999999	-0.07577138500000001	-0.08501572800000004	-0.08227047199999997
169	-0.8317899999999999	-0.812275	-1.025811	-0.9554699999999999	-0.8317899999999999	-0.07658232100000002	-0.08603838100000005	-0.08322346799999998
170	-0.836353	-0.8149379999999999	-1.032135	-0.9604109999999999	-0.836353	-0.07739593900000001	-0.08706735400000004	-0.08418141199999997
171	-0.84092	-0.8175629999999999	-1.038466	-0.965339	-0.84092	-0.07821220100000002	-0.08810265500000003	-0.08514428999999997
172	-0.84549	-0.8201499999999999	-1.044803	-0.970254	-0.84549	-0.07903106900000002	-0.08914429000000004	-0.08611208999999996
173	-0.8500639999999999	-0.822699	-1.051148	-0.9751559999999999	-0.8500639999999999	-0.07985250500000003	-0.09019226600000005	-0.08708479799999995
174	-0.854641	-0.8252079999999999	-1.0574999999999999	-0.9800449999999999	-0.854641	-0.08067647000000004	-0.09124659000000004	-0.08806240199999994
175	-0.8592219999999999	-0.8276789999999999	-1.0638589999999999	-0.9849199999999999	-0.8592219999999999	-0.08150292500000005	-0.09230727000000005	-0.08904488799999995
176	-0.863806	-0.83011	-1.070225	-0.9897809999999999	-0.863806	-0.08233183100000004	-0.09337431200000004	-0.09003224199999994
177	-0.868394	-0.8325009999999999	-1.0765989999999999	-0.994628	-0.868394	-0.08316314800000003	-0.09444772400000004	-0.09102444999999994
178	-0.872985	-0.8348519999999999	-1.082981	-0.999462	-0.872985	-0.08399683600000003	-0.09552751400000004	-0.09202149799999994
179	-0.877579	-0.837163	-1.08937	-1.004283	-0.877579	-0.08483285500000003	-0.09661369000000003	-0.09302337399999995
180	-0.882177	-0.839434	-1.095767	-1.00909	-0.882177	-0.08567116500000004	-0.09770625900000002	-0.09403006399999995
181	-0.886776	-0.841664	-1.102172	-1.0138829999999999	-0.886776	-0.08651172600000002	-0.09880522900000002	-0.09504155399999996
182	-0.891378	-0.8438519999999999	-1.108585	-1.018662	-0.891378	-0.08735449600000002	-0.09991060800000001	-0.09605782999999997
183	-0.895984	-0.846	-1.1150069999999999	-1.023426	-0.895984	-0.08819943400000001	-0.10102240400000001	-0.09707887799999997
184	-0.900593	-0.8481059999999999	-1.121437	-1.028175	-0.900593	-0.08904649900000002	-0.10214062600000001	-0.09810468199999996
185	-0.9052049999999999	-0.85017	-1.127875	-1.03291	-0.9052049999999999	-0.08989564900000001	-0.10326528200000001	-0.09913522799999995
186	-0.90982	-0.8521909999999999	-1.134321	-1.037631	-0.90982	-0.09074684200000001	-0.10439638000000001	-0.10017050199999995
187	-0.914439	-0.85417	-1.140777	-1.0423369999999998	-0.914439	-0.09160003500000001	-0.105533929	-0.10121048999999994
188	-0.9190609999999999	-0.856105	-1.147241	-1.0470279999999998	-0.9190609999999999	-0.09245518500000001	-0.106677938	-0.10225517599999993
189	-0.923686	-0.8579979999999999	-1.153713	-1.051704	-0.923686	-0.093312249	-0.10782841500000001	-0.10330454599999993
190	-0.9283119999999999	-0.8598469999999999	-1.1601949999999999	-1.056365	-0.9283119999999999	-0.094171184	-0.108985369	-0.10435858399999993
191	-0.9329409999999999	-0.861652	-1.166685	-1.061011	-0.9329409999999999	-0.09503194599999999	-0.11014880899999999	-0.10541727599999993
192	-0.937573	-0.863413	-1.173185	-1.065642	-0.937573	-0.09589449099999998	-0.111318744	-0.10648060599999994
193	-0.9422079999999999	-0.8651289999999999	-1.179695	-1.070258	-0.9422079999999999	-0.09675877499999998	-0.112495184	-0.10754855999999995
194	-0.946846	-0.8668009999999999	-1.1862139999999999	-1.0748579999999999	-0.946846	-0.09762475299999997	-0.11367813800000001	-0.10862112199999994
195	-0.9514859999999999	-0.868427	-1.192742	-1.079443	-0.9514859999999999	-0.09849237999999998	-0.114867616	-0.10969827599999994
196	-0.956128	-0.870008	-1.19928	-1.084013	-0.956128	-0.09936161099999997	-0.116063627	-0.11078000799999994
197	-0.960773	-0.871544	-1.205828	-1.0885669999999998	-0.960773	-0.10023239999999999	-0.117266181	-0.11186630199999993
198	-0.965421	-0.873033	-1.212386	-1.093105	-0.965421	-0.10110470199999998	-0.11847528799999998	-0.11295714199999994
199	-0.9700719999999999	-0.8744759999999999	-1.2189539999999999	-1.097627	-0.9700719999999999	-0.10197846999999997	-0.11969095799999999	-0.11405251199999995
200	-0.974723	-0.875873	-1.2255319999999998	-1.102133	-0.974723	-0.10285365799999997	-0.120913201	-0.11515239599999995
201	-0.9793769999999999	-0.877222	-1.232121	-1.106623	-0.9793769999999999	-0.10373021899999997	-0.12214202699999999	-0.11625677799999994
202	-0.984034	-0.878525	-1.23872	-1.111097	-0.984034	-0.10460810599999996	-0.12337744699999997	-0.11736564199999992
203	-0.9886919999999999	-0.87978	-1.24533	-1.1155549999999999	-0.9886919999999999	-0.10548727199999995	-0.12461947199999998	-0.11847897199999992
204	-0.9933519999999999	-0.880987	-1.251951	-1.119996	-0.9933519999999999	-0.10636766899999996	-0.125868112	-0.11959675199999993
205	-0.998015	-0.882145	-1.2585819999999999	-1.12442	-0.998015	-0.10724924899999995	-0.12712337799999998	-0.12071896399999994
206	-1.0026789999999999	-0.883255	-1.265225	-1.128828	-1.0026789999999999	-0.10813196299999996	-0.128385281	-0.12184559199999993
207	-1.007345	-0.884316	-1.2718779999999998	-1.133219	-1.007345	-0.10901576199999995	-0.129653832	-0.12297661999999994
208	-1.012012	-0.885328	-1.278543	-1.1375929999999999	-1.012012	-0.10990059799999995	-0.13092904200000002	-0.12411202999999994
209	-1.016681	-0.8862899999999999	-1.28522	-1.14195	-1.016681	-0.11078642099999995	-0.132210923	-0.12525180599999994
210	-1.021353	-0.8872019999999999	-1.2919079999999998	-1.146289	-1.021353	-0.11167318099999994	-0.13349948600000003	-0.12639592999999996
211	-1.026025	-0.888064	-1.2986069999999998	-1.150611	-1.026025	-0.11256082799999993	-0.13479474300000002	-0.12754438399999998
212	-1.0307	-0.888875	-1.305318	-1.154916	-1.0307	-0.11344931199999993	-0.136096705	-0.128697152
213	-1.035375	-0.889636	-1.312041	-1.159203	-1.035375	-0.11433858199999992	-0.137405384	-0.129854216
214	-1.040052	-0.8903449999999999	-1.318776	-1.1634719999999998	-1.040052	-0.11522858699999992	-0.138720792	-0.131015558
215	-1.04473	-0.8910039999999999	-1.325524	-1.1677229999999998	-1.04473	-0.11611927599999992	-0.140042941	-0.13218116
216	-1.049408	-0.8916109999999999	-1.332284	-1.171957	-1.049408	-0.11701059799999992	-0.141371844	-0.13335100399999997
217	-1.054088	-0.892165	-1.339057	-1.176173	-1.054088	-0.11790250099999992	-0.142707514	-0.134525074
218	-1.0587689999999998	-0.892667	-1.345842	-1.18037	-1.0587689999999998	-0.11879493199999992	-0.14404996300000003	-0.13570334999999997
219	-1.063451	-0.8931159999999999	-1.3526399999999998	-1.1845489999999999	-1.063451	-0.11968783799999992	-0.145399203	-0.13688581399999997
220	-1.068134	-0.893512	-1.359451	-1.18871	-1.068134	-0.12058116699999992	-0.14675524799999998	-0.138072448
221	-1.072817	-0.8938539999999999	-1.366275	-1.192853	-1.072817	-0.12147486499999992	-0.14811811	-0.13926323399999999
222	-1.0775	-0.894142	-1.373113	-1.196977	-1.0775	-0.12236887799999992	-0.149487803	-0.14045815399999997
223	-1.0821859999999999	-0.894376	-1.3799629999999998	-1.201082	-1.0821859999999999	-0.12326315199999992	-0.15086434	-0.14165718799999996
224	-1.086872	-0.8945559999999999	-1.386827	-1.205168	-1.086872	-0.12415763299999992	-0.152247734	-0.14286031799999996
225	-1.091558	-0.894681	-1.393705	-1.2092349999999998	-1.091558	-0.1250522669999999	-0.153637999	-0.14406752399999997
226	-1.096244	-0.894752	-1.4005969999999999	-1.213283	-1.096244	-0.12594699899999992	-0.155035149	-0.14527878799999996
227	-1.10093	-0.894767	-1.407503	-1.217311	-1.10093	-0.12684177399999993	-0.15643919800000003	-0.14649408999999994
228	-1.105616	-0.8947259999999999	-1.414423	-1.22132	-1.105616	-0.12773653599999993	-0.15785016000000004	-0.14771340999999996
229	-1.110301	-0.894629	-1.421357	-1.22531	-1.110301	-0.12863122899999993	-0.15926804900000005	-0.14893672999999996
230	-1.114986	-0.8944759999999999	-1.428305	-1.22928	-1.114986	-0.12952579699999991	-0.16069287900000004	-0.15016402999999995
231	-1.1196709999999999	-0.894266	-1.435268	-1.23323	-1.1196709999999999	-0.1304201839999999	-0.16212466400000006	-0.15139528999999996
232	-1.124356	-0.893999	-1.442246	-1.23716	-1.124356	-0.1313143319999999	-0.16356342000000004	-0.15263048999999995
233	-1.129041	-0.893675	-1.449238	-1.24107	-1.129041	-0.1322081849999999	-0.16500916100000004	-0.15386960999999993
234	-1.1337249999999999	-0.893293	-1.456245	-1.2449599999999998	-1.1337249999999999	-0.1331016849999999	-0.16646190100000005	-0.15511262999999992
235	-1.138409	-0.892853	-1.463268	-1.248829	-1.138409	-0.1339947739999999	-0.16792165600000006	-0.1563595299999999
236	-1.143093	-0.892355	-1.470306	-1.252677	-1.143093	-0.1348873939999999	-0.16938844200000006	-0.15761028799999993
237	-1.147776	-0.891798	-1.4773589999999999	-1.256505	-1.147776	-0.1357794869999999	-0.17086227300000004	-0.15886488399999993
238	-1.1524569999999998	-0.8911819999999999	-1.4844279999999999	-1.2603119999999999	-1.1524569999999998	-0.13667099299999988	-0.17234316500000005	-0.16012329799999991
239	-1.157138	-0.8905059999999999	-1.4915129999999999	-1.264098	-1.157138	-0.13756185299999987	-0.17383113400000003	-0.1613855079999999
240	-1.161818	-0.889771	-1.498614	-1.267863	-1.161818	-0.13845200799999988	-0.17532619600000002	-0.1626514939999999
241	-1.166496	-0.888976	-1.505731	-1.271606	-1.166496	-0.13934139799999987	-0.17682836700000001	-0.16392123399999992
242	-1.171173	-0.8881199999999999	-1.512864	-1.275328	-1.171173	-0.14022996299999987	-0.178337663	-0.1651947059999999
243	-1.1758499999999998	-0.887203	-1.5200129999999998	-1.279029	-1.1758499999999998	-0.14111764099999988	-0.1798541	-0.1664718899999999
244	-1.180524	-0.8862249999999999	-1.527178	-1.282708	-1.180524	-0.14200437199999985	-0.181377694	-0.1677527639999999
245	-1.185197	-0.8851859999999999	-1.53436	-1.286365	-1.185197	-0.14289009399999983	-0.182908461	-0.1690373059999999
246	-1.189868	-0.884085	-1.541559	-1.29	-1.189868	-0.14377474599999981	-0.184446419	-0.1703254939999999
247	-1.194536	-0.882922	-1.5487739999999999	-1.293613	-1.194536	-0.14465826599999984	-0.18599158400000002	-0.17161730599999991
248	-1.199203	-0.8816959999999999	-1.556007	-1.2972029999999999	-1.199203	-0.14554059199999983	-0.187543973	-0.1729127199999999
249	-1.203867	-0.880408	-1.563257	-1.30077	-1.203867	-0.14642166099999984	-0.18910360299999998	-0.1742117119999999
250	-1.208529	-0.879057	-1.570524	-1.304315	-1.208529	-0.14730141099999985	-0.190670492	-0.17551425999999992
251	-1.21319	-0.877643	-1.5778079999999999	-1.307837	-1.21319	-0.14817977799999985	-0.19224465599999999	-0.1768203419999999
252	-1.217848	-0.876165	-1.58511	-1.3113359999999998	-1.217848	-0.14905669899999982	-0.193826113	-0.17812993399999993
253	-1.222503	-0.8746229999999999	-1.59243	-1.3148119999999999	-1.222503	-0.1499321099999998	-0.195414881	-0.17944301399999996
254	-1.227155	-0.873016	-1.5997679999999999	-1.3182639999999999	-1.227155	-0.1508059469999998	-0.19701097800000003	-0.18075955799999993
255	-1.231804	-0.8713449999999999	-1.607124	-1.321693	-1.231804	-0.1516781449999998	-0.19861442200000004	-0.18207954199999993
256	-1.23645	-0.8696079999999999	-1.614498	-1.325099	-1.23645	-0.1525486389999998	-0.20022523100000003	-0.1834029439999999
257	-1.241093	-0.867807	-1.6218899999999998	-1.328481	-1.241093	-0.1534173639999998	-0.20184342300000005	-0.18472973999999992
258	-1.245733	-0.8659399999999999	-1.6293	-1.331839	-1.245733	-0.1542842549999998	-0.20346901600000003	-0.18605990599999994
259	-1.25037	-0.864007	-1.63673	-1.335173	-1.25037	-0.15514924599999977	-0.20510202900000005	-0.18739341799999992
260	-1.255001	-0.862007	-1.644178	-1.338482	-1.255001	-0.15601227099999979	-0.20674248100000006	-0.18873025199999993
261	-1.2596289999999999	-0.859941	-1.651645	-1.341766	-1.2596289999999999	-0.1568732629999998	-0.20839039000000006	-0.19007038199999993
262	-1.264254	-0.857807	-1.659131	-1.3450259999999998	-1.264254	-0.1577321549999998	-0.21004577600000005	-0.19141378399999992
263	-1.2688739999999998	-0.855607	-1.666636	-1.348261	-1.2688739999999998	-0.1585888799999998	-0.21170865700000005	-0.19276043399999993
264	-1.27349	-0.853339	-1.674161	-1.3514709999999999	-1.27349	-0.1594433709999998	-0.21337905300000007	-0.1941103059999999
265	-1.278101	-0.851003	-1.681705	-1.3546559999999999	-1.278101	-0.1602955599999998	-0.2150569840000001	-0.1954633759999999
266	-1.282708	-0.848599	-1.689269	-1.357815	-1.282708	-0.16114537899999978	-0.21674246900000008	-0.19681961799999992
267	-1.28731	-0.8461259999999999	-1.696852	-1.360948	-1.28731	-0.16199275999999976	-0.2184355270000001	-0.19817900599999994
268	-1.2919079999999998	-0.843584	-1.7044549999999998	-1.364055	-1.2919079999999998	-0.1628376329999998	-0.2201361780000001	-0.19954151399999992
269	-1.296501	-0.840973	-1.712078	-1.367136	-1.296501	-0.16367992999999978	-0.2218444420000001	-0.20090711599999994
270	-1.301088	-0.8382919999999999	-1.7197209999999998	-1.370191	-1.301088	-0.16451958099999978	-0.22356033900000014	-0.20227578599999996
271	-1.3056699999999999	-0.835541	-1.727384	-1.3732199999999999	-1.3056699999999999	-0.16535651599999976	-0.22528388900000015	-0.20364749799999998
272	-1.310246	-0.83272	-1.735069	-1.376223	-1.310246	-0.16619066499999977	-0.22701511300000013	-0.20502222599999997
273	-1.314816	-0.8298289999999999	-1.7427739999999998	-1.3791989999999998	-1.314816	-0.16702195799999978	-0.22875403200000013	-0.20639994399999995
274	-1.319381	-0.8268669999999999	-1.750499	-1.382148	-1.319381	-0.16785032499999977	-0.23050066600000016	-0.20778062399999997
275	-1.32394	-0.823834	-1.7582449999999998	-1.38507	-1.32394	-0.1686756939999998	-0.23225503500000014	-0.20916423999999995
276	-1.328493	-0.82073	-1.766012	-1.387965	-1.328493	-0.16949799499999982	-0.2340171610000001	-0.21055076399999995
277	-1.33304	-0.817554	-1.7737999999999998	-1.390833	-1.33304	-0.17031715599999983	-0.23578706400000013	-0.21194016999999993
278	-1.33758	-0.814306	-1.781609	-1.393673	-1.33758	-0.1711331049999998	-0.23756476600000012	-0.2133324299999999
279	-1.342113	-0.810986	-1.78944	-1.396485	-1.342113	-0.1719457699999998	-0.2393502880000001	-0.2147275159999999
280	-1.3466399999999998	-0.8075939999999999	-1.797292	-1.3992689999999999	-1.3466399999999998	-0.17275507899999978	-0.2411436510000001	-0.2161253999999999
281	-1.351159	-0.804128	-1.8051659999999998	-1.4020249999999999	-1.351159	-0.17356095899999976	-0.2429448770000001	-0.2175260539999999
282	-1.355672	-0.800589	-1.8130609999999998	-1.404752	-1.355672	-0.17436333699999976	-0.24475398800000006	-0.21892944999999991
283	-1.360177	-0.7969769999999999	-1.820978	-1.4074499999999999	-1.360177	-0.17516213899999974	-0.24657100500000004	-0.22033555799999993
284	-1.364674	-0.793291	-1.828917	-1.41012	-1.364674	-0.17595729199999974	-0.24839595000000006	-0.22174434999999992
285	-1.369165	-0.789531	-1.8368769999999999	-1.412761	-1.369165	-0.17674872199999972	-0.25022884400000006	-0.2231557979999999
286	-1.373648	-0.785696	-1.844859	-1.4153719999999999	-1.373648	-0.17753635499999973	-0.2520697090000001	-0.2245698719999999
287	-1.378123	-0.781787	-1.8528639999999998	-1.417953	-1.378123	-0.17832011599999972	-0.25391856800000007	-0.2259865419999999
288	-1.3825889999999998	-0.777802	-1.860892	-1.420505	-1.3825889999999998	-0.1790999299999997	-0.25577544300000005	-0.2274057779999999
289	-1.387047	-0.773743	-1.8689419999999999	-1.423028	-1.387047	-0.1798757219999997	-0.25764035700000004	-0.22882755199999988
290	-1.3914959999999998	-0.769608	-1.877014	-1.42552	-1.3914959999999998	-0.18064741699999973	-0.2595133320000001	-0.23025183399999988
291	-1.395937	-0.765397	-1.885108	-1.427981	-1.395937	-0.18141493899999975	-0.26139439000000014	-0.23167859199999985
292	-1.4003679999999998	-0.76111	-1.8932259999999999	-1.430412	-1.4003679999999998	-0.18217821199999976	-0.2632835540000002	-0.23310779599999987
293	-1.40479	-0.756747	-1.901366	-1.432812	-1.40479	-0.18293715999999974	-0.26518084700000016	-0.2345394159999999
294	-1.409203	-0.752307	-1.9095289999999998	-1.435181	-1.409203	-0.18369170699999973	-0.2670862910000002	-0.23597341999999988
295	-1.413606	-0.74779	-1.9177149999999998	-1.437519	-1.413606	-0.18444177499999972	-0.2689999100000002	-0.2374097779999999
296	-1.417999	-0.743196	-1.925924	-1.439825	-1.417999	-0.1851872879999997	-0.27092172600000014	-0.23884845799999993
297	-1.422383	-0.738524	-1.934156	-1.4421	-1.422383	-0.1859281679999997	-0.2728517630000002	-0.24028942799999992
298	-1.426756	-0.7337739999999999	-1.9424109999999999	-1.4443439999999999	-1.426756	-0.1866643369999997	-0.27479004300000015	-0.24173265799999993
299	-1.431118	-0.728946	-1.9506899999999998	-1.446555	-1.431118	-0.1873957169999997	-0.2767365900000001	-0.24317811599999994
300	-1.43547	-0.72404	-1.9589919999999998	-1.4487329999999998	-1.43547	-0.1881222299999997	-0.2786914280000001	-0.24462576799999997
301	-1.439811	-0.7190559999999999	-1.967317	-1.450879	-1.439811	-0.1888437979999997	-0.28065457900000007	-0.24607558199999996
302	-1.44414	-0.713992	-1.975666	-1.4529919999999998	-1.44414	-0.1895603419999997	-0.2826260670000001	-0.24752752599999994
303	-1.448458	-0.70885	-1.9840389999999999	-1.455072	-1.448458	-0.19027178299999967	-0.2846059160000001	-0.24898156599999993
304	-1.4527649999999999	-0.7036279999999999	-1.9924359999999999	-1.4571189999999998	-1.4527649999999999	-0.19097804199999965	-0.28659415000000016	-0.25043766999999995
305	-1.457061	-0.6983269999999999	-2.0008559999999997	-1.4591319999999999	-1.457061	-0.19167903999999966	-0.2885907930000002	-0.251895804
306	-1.461344	-0.692946	-2.009299	-1.4611109999999998	-1.461344	-0.19237469699999968	-0.29059586700000023	-0.253355934
307	-1.465616	-0.687485	-2.017766	-1.463056	-1.465616	-0.1930649329999997	-0.2926093960000002	-0.25481802600000003
308	-1.469875	-0.681944	-2.0262569999999998	-1.464967	-1.469875	-0.19374966799999968	-0.29463140400000015	-0.25628204600000004
309	-1.474122	-0.676322	-2.034772	-1.466844	-1.474122	-0.19442882099999967	-0.2966619150000001	-0.25774796
310	-1.478357	-0.67062	-2.043311	-1.468686	-1.478357	-0.1951023119999997	-0.29870095300000016	-0.259215734
311	-1.482578	-0.664836	-2.0518739999999998	-1.4704929999999998	-1.482578	-0.19577005999999972	-0.3007485420000002	-0.260685332
312	-1.486786	-0.658971	-2.060461	-1.472265	-1.486786	-0.1964319839999997	-0.30280470600000015	-0.26215672
313	-1.49098	-0.653025	-2.069072	-1.474001	-1.49098	-0.19708800199999968	-0.30486946900000017	-0.26362986200000005
314	-1.495161	-0.6469969999999999	-2.0777069999999997	-1.4757019999999998	-1.495161	-0.19773803299999967	-0.3069428550000001	-0.265104722
315	-1.499328	-0.640887	-2.086366	-1.477368	-1.499328	-0.19838199499999967	-0.3090248880000001	-0.266581266
316	-1.5034809999999998	-0.634695	-2.095049	-1.478997	-1.5034809999999998	-0.19901980599999966	-0.3111155920000001	-0.268059458
317	-1.507619	-0.628421	-2.103757	-1.480589	-1.507619	-0.19965138399999968	-0.3132149910000001	-0.26953925999999995
318	-1.511744	-0.622064	-2.112489	-1.4821449999999998	-1.511744	-0.20027664699999967	-0.3153231100000001	-0.2710206359999999
319	-1.515853	-0.615625	-2.121245	-1.4836639999999999	-1.515853	-0.2008955119999997	-0.3174399730000001	-0.27250354999999993
320	-1.519947	-0.6091019999999999	-2.130026	-1.485145	-1.519947	-0.20150789599999971	-0.31956560500000014	-0.2739879639999999
321	-1.5240259999999999	-0.602497	-2.1388309999999997	-1.486589	-1.5240259999999999	-0.2021137159999997	-0.3217000300000002	-0.27547383999999997
322	-1.52809	-0.595808	-2.14766	-1.4879959999999999	-1.52809	-0.2027128889999997	-0.32384327200000024	-0.276961142
323	-1.532138	-0.589035	-2.156513	-1.4893649999999998	-1.532138	-0.20330533099999973	-0.32599535500000026	-0.27844983199999995
324	-1.53617	-0.582178	-2.16539	-1.490696	-1.53617	-0.2038909579999997	-0.32815630300000026	-0.2799398719999999
325	-1.5401859999999998	-0.575237	-2.1742909999999998	-1.4919879999999999	-1.5401859999999998	-0.20446968599999968	-0.3303261400000002	-0.28143122399999987
326	-1.544185	-0.5682119999999999	-2.183216	-1.493241	-1.544185	-0.2050414309999997	-0.3325048900000002	-0.2829238479999999
327	-1.5481669999999998	-0.561103	-2.1921649999999997	-1.4944549999999999	-1.5481669999999998	-0.20560610899999968	-0.33469257700000027	-0.28441770599999994
328	-1.5521319999999998	-0.55391	-2.201138	-1.4956289999999999	-1.5521319999999998	-0.20616363599999968	-0.33688922500000024	-0.28591275799999993
329	-1.55608	-0.5466329999999999	-2.2101349999999997	-1.496764	-1.55608	-0.20671392799999969	-0.3390948580000002	-0.28740896399999993
330	-1.56001	-0.53927	-2.219156	-1.49786	-1.56001	-0.20725689999999966	-0.3413095000000002	-0.2889062859999999
331	-1.563923	-0.5318229999999999	-2.228201	-1.498916	-1.563923	-0.20779246699999968	-0.3435331750000002	-0.29040468399999986
332	-1.567817	-0.5242899999999999	-2.23727	-1.499931	-1.567817	-0.2083205439999997	-0.34576590700000015	-0.2919041179999998
333	-1.571693	-0.516672	-2.246363	-1.500905	-1.571693	-0.2088410449999997	-0.3480077200000002	-0.2934045459999999
334	-1.575551	-0.508969	-2.25548	-1.501838	-1.575551	-0.20935388599999968	-0.3502586380000002	-0.29490592799999993
335	-1.5793899999999998	-0.50118	-2.26462	-1.50273	-1.5793899999999998	-0.2098589809999997	-0.35251868400000014	-0.29640822199999994
336	-1.583211	-0.493305	-2.273784	-1.5035809999999998	-1.583211	-0.21035624399999972	-0.35478788200000017	-0.29791138799999994
337	-1.5870119999999999	-0.485344	-2.282971	-1.50439	-1.5870119999999999	-0.2108455889999997	-0.35706625600000014	-0.2994153839999999
338	-1.590793	-0.47729699999999997	-2.292182	-1.5051569999999999	-1.590793	-0.21132692999999972	-0.3593538290000002	-0.3009201679999999
339	-1.594555	-0.46916399999999997	-2.3014159999999997	-1.505882	-1.594555	-0.21180018099999973	-0.3616506240000002	-0.30242569799999985
340	-1.5982969999999999	-0.460945	-2.310673	-1.506564	-1.5982969999999999	-0.2122652559999997	-0.3639566650000002	-0.3039319319999999
341	-1.602018	-0.45264	-2.319953	-1.5072029999999998	-1.602018	-0.2127220689999997	-0.36627197400000017	-0.30543882599999994
342	-1.605719	-0.444248	-2.329256	-1.507799	-1.605719	-0.2131705329999997	-0.36859657500000015	-0.30694633799999993
343	-1.609399	-0.43577	-2.3385819999999997	-1.508352	-1.609399	-0.2136105619999997	-0.37093049000000017	-0.3084544239999999
344	-1.6130579999999999	-0.427205	-2.347931	-1.508862	-1.6130579999999999	-0.21404206999999972	-0.3732737430000002	-0.3099630419999999
345	-1.616695	-0.418553	-2.357302	-1.509328	-1.616695	-0.2144649689999997	-0.3756263560000002	-0.3114721479999999
346	-1.6203109999999998	-0.40981399999999996	-2.3666959999999997	-1.509749	-1.6203109999999998	-0.21487917299999967	-0.3779883510000002	-0.31298169799999986
347	-1.623905	-0.40098799999999996	-2.3761129999999997	-1.510125	-1.623905	-0.2152845939999997	-0.3803597520000002	-0.3144916459999999
348	-1.6274769999999998	-0.392074	-2.3855519999999997	-1.510457	-1.6274769999999998	-0.2156811449999997	-0.38274058100000025	-0.3160019479999999
349	-1.631027	-0.38307399999999997	-2.395013	-1.5107439999999999	-1.631027	-0.2160687389999997	-0.38513086000000024	-0.31751255999999994
350	-1.6345539999999998	-0.373986	-2.404496	-1.510985	-1.6345539999999998	-0.21644728899999968	-0.38753061100000025	-0.31902343599999994
351	-1.638058	-0.364811	-2.414001	-1.51118	-1.638058	-0.2168167069999997	-0.3899398560000002	-0.32053453
352	-1.6415389999999999	-0.355549	-2.423526	-1.511329	-1.6415389999999999	-0.21717690699999967	-0.39235861600000016	-0.32204579599999994
353	-1.6449969999999998	-0.346199	-2.433073	-1.5114319999999999	-1.6449969999999998	-0.21752780099999966	-0.3947869120000002	-0.3235571879999999
354	-1.6484299999999998	-0.336761	-2.442641	-1.5114889999999999	-1.6484299999999998	-0.21786930099999965	-0.3972247660000002	-0.3250686599999999
355	-1.6518389999999998	-0.32723599999999997	-2.4522299999999997	-1.511499	-1.6518389999999998	-0.21820131899999964	-0.39967219800000015	-0.32658016599999995
356	-1.655225	-0.317623	-2.46184	-1.5114619999999999	-1.655225	-0.21852376799999965	-0.40212923000000017	-0.32809165799999995
357	-1.658585	-0.307922	-2.4714709999999998	-1.5113779999999999	-1.658585	-0.21883655999999965	-0.40459588200000013	-0.32960309
358	-1.661922	-0.298134	-2.481122	-1.5112459999999999	-1.661922	-0.21913960799999962	-0.4070721750000001	-0.33111441399999997
359	-1.665233	-0.288258	-2.490793	-1.511066	-1.665233	-0.2194328239999996	-0.40955812900000005	-0.3326255819999999
360	-1.668518	-0.278295	-2.5004839999999997	-1.510838	-1.668518	-0.2197161199999996	-0.4120537640000001	-0.33413654599999987
361	-1.6717769999999998	-0.268244	-2.510194	-1.510561	-1.6717769999999998	-0.2199894089999996	-0.4145591000000001	-0.33564725799999984
362	-1.6750099999999999	-0.258105	-2.519924	-1.510235	-1.6750099999999999	-0.22025260299999963	-0.41707415600000014	-0.3371576679999998
363	-1.6782169999999998	-0.247878	-2.5296719999999997	-1.50986	-1.6782169999999998	-0.22050561399999966	-0.41959895100000016	-0.3386677279999998
364	-1.681398	-0.237563	-2.53944	-1.509436	-1.681398	-0.22074835399999967	-0.4221335040000002	-0.34017738799999975
365	-1.684553	-0.22716	-2.549226	-1.5089629999999998	-1.684553	-0.22098073499999968	-0.4246778340000002	-0.34168659999999973
366	-1.6876799999999998	-0.216669	-2.55903	-1.50844	-1.6876799999999998	-0.22120266899999966	-0.42723195900000016	-0.3431953139999997
367	-1.6907809999999999	-0.20609	-2.5688519999999997	-1.507866	-1.6907809999999999	-0.22141406799999966	-0.42979589700000015	-0.34470347999999973
368	-1.693854	-0.195424	-2.5786919999999998	-1.5072409999999998	-1.693854	-0.22161484399999967	-0.4323696660000001	-0.34621104599999974
369	-1.696898	-0.18467	-2.588549	-1.5065659999999998	-1.696898	-0.22180490999999966	-0.43495328400000005	-0.3477179619999997
370	-1.699914	-0.17382799999999998	-2.598423	-1.5058399999999998	-1.699914	-0.22198417799999967	-0.437546767	-0.3492241779999997
371	-1.702902	-0.162898	-2.608314	-1.505062	-1.702902	-0.2221525599999997	-0.440150133	-0.3507296419999997
372	-1.7058609999999998	-0.15188	-2.6182209999999997	-1.504232	-1.7058609999999998	-0.22230996799999972	-0.44276339800000003	-0.3522343019999997
373	-1.7087919999999999	-0.14077399999999998	-2.628144	-1.50335	-1.7087919999999999	-0.22245631399999974	-0.445386578	-0.3537381059999998
374	-1.7116939999999998	-0.129581	-2.638083	-1.502416	-1.7116939999999998	-0.22259150999999974	-0.44801968899999994	-0.35524100199999975
375	-1.714565	-0.11829999999999999	-2.6480379999999997	-1.50143	-1.714565	-0.22271546899999975	-0.4506627469999999	-0.3567429379999998
376	-1.7174079999999998	-0.106931	-2.658007	-1.500391	-1.7174079999999998	-0.22282810299999975	-0.4533157669999999	-0.3582438619999998
377	-1.7202199999999999	-0.09547399999999999	-2.66799	-1.499299	-1.7202199999999999	-0.22292932399999973	-0.4559787629999999	-0.35974371999999977
378	-1.723001	-0.08392999999999999	-2.677988	-1.498154	-1.723001	-0.22301904399999975	-0.45865174999999986	-0.3612424599999998
379	-1.7257509999999998	-0.072299	-2.6879999999999997	-1.496955	-1.7257509999999998	-0.22309717699999973	-0.46133474199999985	-0.3627400279999998
380	-1.72847	-0.060580999999999996	-2.698025	-1.4957019999999999	-1.72847	-0.22316363499999972	-0.46402775199999985	-0.36423636999999986
381	-1.731158	-0.048775	-2.7080629999999997	-1.494395	-1.731158	-0.22321833099999974	-0.4667307939999999	-0.3657314319999999
382	-1.7338149999999999	-0.036882	-2.718114	-1.493034	-1.7338149999999999	-0.22326117699999973	-0.46944387999999987	-0.36722515999999994
383	-1.736441	-0.024902	-2.728176	-1.491619	-1.736441	-0.22329208699999972	-0.47216702299999985	-0.3687174999999999
384	-1.739034	-0.012835	-2.73825	-1.490149	-1.739034	-0.22331097299999972	-0.47490023399999987	-0.37020839799999994
385	-1.741596	-0.000682	-2.7483359999999997	-1.488623	-1.741596	-0.2233177489999997	-0.4776435249999999	-0.3716977979999999
386	-1.744125	0.011559	-2.758432	-1.487042	-1.744125	-0.2233123279999997	-0.4803969069999999	-0.37318564399999987
387	-1.746622	0.023885999999999998	-2.768539	-1.485406	-1.746622	-0.22329462299999972	-0.4831603909999999	-0.3746718819999999
388	-1.749086	0.036299	-2.778656	-1.483714	-1.749086	-0.2232645479999997	-0.48593398699999996	-0.3761564559999999
389	-1.7515159999999999	0.048798999999999995	-2.788782	-1.481965	-1.7515159999999999	-0.22322201599999972	-0.488717704	-0.37763930999999995
390	-1.7539129999999998	0.061384999999999995	-2.798917	-1.480159	-1.7539129999999998	-0.2231669409999997	-0.491511552	-0.379120386
391	-1.756276	0.074057	-2.8090599999999997	-1.478297	-1.756276	-0.2230992369999997	-0.49431553899999997	-0.380599628
392	-1.7586039999999998	0.08681499999999999	-2.8192109999999997	-1.476378	-1.7586039999999998	-0.2230188179999997	-0.49712967299999994	-0.38207698
393	-1.7608979999999999	0.099658	-2.829369	-1.4744009999999999	-1.7608979999999999	-0.2229255979999997	-0.4999539619999999	-0.383552384
394	-1.7631569999999999	0.11258699999999999	-2.839534	-1.472367	-1.7631569999999999	-0.2228194919999997	-0.5027884119999999	-0.38502578200000004
395	-1.7653809999999999	0.125602	-2.8497049999999997	-1.470276	-1.7653809999999999	-0.2227004139999997	-0.5056330299999998	-0.3864971180000001
396	-1.7675699999999999	0.138702	-2.8598809999999997	-1.468127	-1.7675699999999999	-0.2225682779999997	-0.5084878219999998	-0.38796633400000013
397	-1.7697239999999999	0.151887	-2.870063	-1.465919	-1.7697239999999999	-0.22242299999999968	-0.5113527929999997	-0.38943337200000017
398	-1.7718429999999998	0.165157	-2.880249	-1.463652	-1.7718429999999998	-0.22226449399999967	-0.5142279479999996	-0.3908981720000002
399	-1.773926	0.178511	-2.8904389999999998	-1.461327	-1.773926	-0.22209267599999968	-0.5171132909999996	-0.39236067600000024
400	-1.7759719999999999	0.19194999999999998	-2.900632	-1.4589429999999999	-1.7759719999999999	-0.22190746099999967	-0.5200088259999995	-0.39382082600000023
401	-1.7779809999999998	0.205473	-2.9108289999999997	-1.4565	-1.7779809999999998	-0.22170876499999967	-0.5229145559999995	-0.3952785620000002
402	-1.779953	0.21908	-2.9210279999999997	-1.453998	-1.779953	-0.22149650399999968	-0.5258304839999994	-0.3967338260000002
403	-1.7818889999999998	0.23277099999999998	-2.931228	-1.451436	-1.7818889999999998	-0.22127059399999968	-0.5287566119999993	-0.39818655800000013
404	-1.783787	0.246546	-2.9414279999999997	-1.4488139999999998	-1.783787	-0.22103095099999967	-0.5316929399999994	-0.3996366980000001
405	-1.785648	0.26040399999999997	-2.951628	-1.446132	-1.785648	-0.2207774909999997	-0.5346394679999995	-0.4010841860000002
406	-1.7874709999999998	0.274346	-2.9618279999999997	-1.44339	-1.7874709999999998	-0.2205101309999997	-0.5375961959999995	-0.4025289620000002
407	-1.7892549999999998	0.28836999999999996	-2.9720269999999998	-1.440588	-1.7892549999999998	-0.2202287879999997	-0.5405631239999995	-0.40397096600000026
408	-1.791002	0.302477	-2.982224	-1.437725	-1.791002	-0.21993337899999968	-0.5435402499999995	-0.40541013800000025
409	-1.79271	0.316666	-2.992419	-1.434801	-1.79271	-0.21962382199999966	-0.5465275719999996	-0.40684641600000027
410	-1.7943799999999999	0.330937	-3.00261	-1.431816	-1.7943799999999999	-0.21930003499999964	-0.5495250869999995	-0.4082797400000002
411	-1.7960099999999999	0.34529	-3.012797	-1.4287699999999999	-1.7960099999999999	-0.21896193599999966	-0.5525327909999995	-0.4097100480000002
412	-1.797601	0.359724	-3.02298	-1.425663	-1.797601	-0.21860944299999965	-0.5555506799999996	-0.41113728000000016
413	-1.799153	0.37423999999999996	-3.033158	-1.422494	-1.799153	-0.21824247499999963	-0.5585787499999997	-0.41256137400000015
414	-1.800665	0.388837	-3.0433299999999996	-1.419263	-1.800665	-0.21786094999999964	-0.5616169949999996	-0.41398226800000015
415	-1.8021369999999999	0.40351499999999996	-3.0534939999999997	-1.41597	-1.8021369999999999	-0.21746478799999966	-0.5646654079999995	-0.41539990000000016
416	-1.8035679999999998	0.418274	-3.0636509999999997	-1.412615	-1.8035679999999998	-0.21705390699999969	-0.5677239819999995	-0.41681420800000013
417	-1.80496	0.433112	-3.0738	-1.409198	-1.80496	-0.2166282269999997	-0.5707927089999996	-0.41822513000000017
418	-1.806311	0.44803	-3.083939	-1.405719	-1.806311	-0.21618766899999972	-0.5738715799999996	-0.41963260400000013
419	-1.807621	0.463028	-3.094068	-1.402177	-1.807621	-0.21573215299999973	-0.5769605849999997	-0.4210365680000001
420	-1.8088899999999999	0.478105	-3.104186	-1.398572	-1.8088899999999999	-0.21526159899999972	-0.5800597139999997	-0.42243695800000014
421	-1.810117	0.493261	-3.114293	-1.3949049999999998	-1.810117	-0.21477592899999973	-0.5831689549999997	-0.4238337120000001
422	-1.8113029999999999	0.508496	-3.124387	-1.3911749999999998	-1.8113029999999999	-0.21427506299999974	-0.5862882969999996	-0.42522676800000003
423	-1.8124479999999998	0.523809	-3.134468	-1.387382	-1.8124479999999998	-0.21375892299999974	-0.5894177269999996	-0.426616062
424	-1.813551	0.539199	-3.144535	-1.383526	-1.813551	-0.21322743099999972	-0.5925572309999996	-0.428001532
425	-1.814612	0.554667	-3.154588	-1.3796059999999999	-1.814612	-0.21268050999999974	-0.5957067949999997	-0.42938311400000007
426	-1.8156299999999999	0.5702119999999999	-3.164625	-1.375623	-1.8156299999999999	-0.21211808199999974	-0.5988664039999996	-0.4307607440000001
427	-1.816606	0.5858329999999999	-3.174645	-1.371577	-1.816606	-0.21154007099999975	-0.6020360419999995	-0.43213436000000005
428	-1.8175379999999999	0.6015309999999999	-3.184647	-1.367467	-1.8175379999999999	-0.21094639999999973	-0.6052156909999995	-0.433503898
429	-1.8184289999999999	0.617305	-3.1946309999999998	-1.3632929999999999	-1.8184289999999999	-0.21033699299999972	-0.6084053329999994	-0.43486929399999996
430	-1.819276	0.633155	-3.204595	-1.359055	-1.819276	-0.2097117739999997	-0.6116049489999995	-0.436230484
431	-1.820079	0.64908	-3.214539	-1.3547529999999999	-1.820079	-0.20907066699999974	-0.6148145189999996	-0.43758740399999996
432	-1.82084	0.66508	-3.224462	-1.350387	-1.82084	-0.20841359799999973	-0.6180340229999997	-0.43893998999999995
433	-1.8215569999999999	0.681155	-3.2343629999999997	-1.3459569999999998	-1.8215569999999999	-0.20774049099999972	-0.6212634389999996	-0.440288178
434	-1.82223	0.697303	-3.2442409999999997	-1.3414629999999998	-1.82223	-0.2070512719999997	-0.6245027449999996	-0.44163190399999996
435	-1.822859	0.713525	-3.254095	-1.336905	-1.822859	-0.20634586799999968	-0.6277519169999997	-0.44297110399999995
436	-1.8234439999999998	0.7298199999999999	-3.263924	-1.3322829999999999	-1.8234439999999998	-0.2056242049999997	-0.6310109309999996	-0.44430571399999996
437	-1.8239839999999998	0.746188	-3.273727	-1.327597	-1.8239839999999998	-0.20488621099999968	-0.6342797609999995	-0.44563566999999993
438	-1.824479	0.762629	-3.283502	-1.3228469999999999	-1.824479	-0.20413181199999966	-0.6375583799999995	-0.4469609079999999
439	-1.824929	0.779141	-3.29325	-1.318033	-1.824929	-0.2033609359999997	-0.6408467609999995	-0.44828136399999985
440	-1.825334	0.795725	-3.302969	-1.3131549999999999	-1.825334	-0.2025735119999997	-0.6441448749999994	-0.44959697399999987
441	-1.8256949999999998	0.812379	-3.312658	-1.3082129999999998	-1.8256949999999998	-0.20176946899999973	-0.6474526939999994	-0.45090767399999987
442	-1.826009	0.829104	-3.322316	-1.303207	-1.826009	-0.2009487359999997	-0.6507701859999995	-0.4522133999999999
443	-1.826279	0.845899	-3.331943	-1.2981369999999999	-1.826279	-0.2001112429999997	-0.6540973209999994	-0.4535140879999999
444	-1.8265019999999998	0.862764	-3.341536	-1.293003	-1.8265019999999998	-0.1992569199999997	-0.6574340659999993	-0.45480967399999994
445	-1.8266799999999999	0.879698	-3.351095	-1.2878049999999999	-1.8266799999999999	-0.19838569699999972	-0.6607803869999993	-0.45610009399999996
446	-1.8268119999999999	0.8966999999999999	-3.360619	-1.282543	-1.8268119999999999	-0.19749750599999974	-0.6641362499999992	-0.457385284
447	-1.8268989999999998	0.913771	-3.370107	-1.277217	-1.8268989999999998	-0.19659227799999976	-0.6675016189999992	-0.45866518
448	-1.8269389999999999	0.9309099999999999	-3.379558	-1.271827	-1.8269389999999999	-0.19566994499999976	-0.6708764579999991	-0.459939718
449	-1.826932	0.948116	-3.3889709999999997	-1.266373	-1.826932	-0.19473043899999978	-0.6742607289999991	-0.461208834
450	-1.8268799999999998	0.9653879999999999	-3.398344	-1.260856	-1.8268799999999998	-0.1937736939999998	-0.6776543929999992	-0.46247246399999997
451	-1.826781	0.982726	-3.407676	-1.2552759999999998	-1.826781	-0.1927996439999998	-0.6810574099999991	-0.46373054599999997
452	-1.826635	1.00013	-3.4169669999999996	-1.2496319999999999	-1.826635	-0.1918082229999998	-0.6844697389999992	-0.4649830159999999
453	-1.826442	1.017599	-3.426215	-1.243925	-1.826442	-0.1907993649999998	-0.6878913369999993	-0.46622980999999997
454	-1.8262019999999999	1.0351329999999999	-3.4354199999999997	-1.238155	-1.8262019999999999	-0.1897730049999998	-0.6913221619999992	-0.467470866
455	-1.8259139999999998	1.0527309999999999	-3.444579	-1.232321	-1.8259139999999998	-0.18872907899999983	-0.6947621689999992	-0.46870612
456	-1.8255789999999998	1.070393	-3.453693	-1.226424	-1.8255789999999998	-0.1876675229999998	-0.6982113129999992	-0.46993550800000006
457	-1.825197	1.088118	-3.4627589999999997	-1.220465	-1.825197	-0.18658827299999983	-0.7016695469999992	-0.471158968
458	-1.824767	1.105905	-3.471777	-1.214443	-1.824767	-0.18549126699999982	-0.7051368229999992	-0.47237643800000007
459	-1.82429	1.123754	-3.480746	-1.208358	-1.82429	-0.1843764429999998	-0.7086130929999992	-0.47358785400000003
460	-1.8237649999999999	1.141664	-3.489664	-1.202211	-1.8237649999999999	-0.18324373899999982	-0.7120983069999991	-0.474793154
461	-1.8231929999999998	1.159635	-3.4985299999999997	-1.196002	-1.8231929999999998	-0.18209309399999982	-0.7155924129999991	-0.47599227600000005
462	-1.822573	1.1776659999999999	-3.5073429999999997	-1.1897309999999999	-1.822573	-0.18092444799999982	-0.7190953589999991	-0.47718515800000005
463	-1.8219049999999999	1.195757	-3.516102	-1.1833989999999999	-1.8219049999999999	-0.1797377409999998	-0.7226070909999991	-0.4783717380000001
464	-1.8211899999999999	1.2139069999999998	-3.5248049999999997	-1.177006	-1.8211899999999999	-0.17853291299999982	-0.7261275539999992	-0.4795519560000001
465	-1.820427	1.2321149999999998	-3.533451	-1.170551	-1.820427	-0.17730990599999982	-0.7296566919999992	-0.48072575000000006
466	-1.819616	1.250381	-3.5420399999999996	-1.164035	-1.819616	-0.17606866199999985	-0.7331944479999992	-0.48189305800000004
467	-1.8187559999999998	1.2687039999999998	-3.55057	-1.157459	-1.8187559999999998	-0.17480912299999987	-0.7367407629999991	-0.4830538200000001
468	-1.817848	1.287084	-3.559039	-1.150823	-1.817848	-0.1735312319999999	-0.7402955779999991	-0.4842079760000001
469	-1.8168909999999998	1.30552	-3.567447	-1.144127	-1.8168909999999998	-0.1722349329999999	-0.743858831999999	-0.4853554660000001
470	-1.815886	1.324012	-3.575793	-1.137371	-1.815886	-0.1709201699999999	-0.747430462999999	-0.4864962300000001
471	-1.814833	1.3425589999999998	-3.584075	-1.130555	-1.814833	-0.16958688699999988	-0.7510104079999991	-0.4876302080000001
472	-1.813732	1.36116	-3.592292	-1.12368	-1.813732	-0.16823502999999987	-0.7545986029999991	-0.48875734000000015
473	-1.8125829999999998	1.3798139999999999	-3.600443	-1.116746	-1.8125829999999998	-0.1668645449999999	-0.7581949819999991	-0.48987756800000015
474	-1.811385	1.398521	-3.608526	-1.109753	-1.811385	-0.1654753789999999	-0.761799477999999	-0.49099083200000015
475	-1.810138	1.4172799999999999	-3.6165399999999996	-1.1027019999999998	-1.810138	-0.1640674799999999	-0.765412022999999	-0.49209707400000013
476	-1.808843	1.436091	-3.624484	-1.095594	-1.808843	-0.1626407959999999	-0.769032546999999	-0.4931962360000002
477	-1.8074999999999999	1.454953	-3.632357	-1.0884289999999999	-1.8074999999999999	-0.1611952749999999	-0.772660979999999	-0.4942882620000002
478	-1.806107	1.473865	-3.640157	-1.081207	-1.806107	-0.15973086699999992	-0.7762972499999992	-0.4953730940000002
479	-1.8046659999999999	1.492827	-3.6478829999999998	-1.073928	-1.8046659999999999	-0.1582475219999999	-0.7799412829999992	-0.49645067600000015
480	-1.803176	1.511838	-3.655534	-1.066593	-1.803176	-0.1567451899999999	-0.7835930049999993	-0.4975209500000002
481	-1.8016379999999999	1.530897	-3.663109	-1.059203	-1.8016379999999999	-0.1552238229999999	-0.7872523399999993	-0.49858386200000016
482	-1.8000509999999998	1.550004	-3.670606	-1.051757	-1.8000509999999998	-0.15368337299999987	-0.7909192109999994	-0.4996393560000002
483	-1.798416	1.5691579999999998	-3.6780239999999997	-1.0442559999999999	-1.798416	-0.1521237919999999	-0.7945935399999995	-0.5006873760000002
484	-1.796732	1.588358	-3.685362	-1.0367009999999999	-1.796732	-0.15054503399999988	-0.7982752469999994	-0.5017278680000002
485	-1.794999	1.607603	-3.6926189999999997	-1.029092	-1.794999	-0.14894705299999986	-0.8019642519999994	-0.5027607780000002
486	-1.793218	1.6268939999999998	-3.6997929999999997	-1.02143	-1.793218	-0.14732980399999987	-0.8056604729999994	-0.5037860520000003
487	-1.791389	1.646229	-3.706883	-1.013716	-1.791389	-0.14569324199999986	-0.8093638259999993	-0.5048036380000002
488	-1.7895109999999999	1.6656069999999998	-3.713888	-1.00595	-1.7895109999999999	-0.14403732299999986	-0.8130742269999993	-0.5058134840000003
489	-1.7875839999999998	1.685028	-3.7208069999999998	-0.9981319999999999	-1.7875839999999998	-0.14236200399999985	-0.8167915899999993	-0.5068155380000002
490	-1.785609	1.704491	-3.727638	-0.990262	-1.785609	-0.14066724299999986	-0.8205158279999993	-0.5078097480000002
491	-1.783586	1.7239959999999999	-3.73438	-0.9823409999999999	-1.783586	-0.13895299799999986	-0.8242468529999993	-0.5087960620000002
492	-1.7815139999999998	1.743542	-3.741031	-0.97437	-1.7815139999999998	-0.13721922699999986	-0.8279845749999994	-0.5097744300000001
493	-1.7793949999999998	1.7631269999999999	-3.7475899999999998	-0.9663499999999999	-1.7793949999999998	-0.13546588999999984	-0.8317289019999994	-0.5107448020000002
494	-1.777227	1.782752	-3.754056	-0.958282	-1.777227	-0.13369294799999984	-0.8354797419999993	-0.5117071300000001
495	-1.7750089999999998	1.8024149999999999	-3.7604279999999997	-0.950166	-1.7750089999999998	-0.13190036199999985	-0.8392370009999992	-0.5126613660000002
496	-1.7727439999999999	1.822115	-3.766704	-0.942002	-1.7727439999999999	-0.13008809399999985	-0.8430005839999992	-0.5136074620000003
497	-1.770432	1.841853	-3.7728829999999998	-0.9337909999999999	-1.770432	-0.12825610699999987	-0.8467703949999992	-0.5145453700000003
498	-1.768071	1.861627	-3.7789639999999998	-0.925534	-1.768071	-0.12640436399999985	-0.8505463359999992	-0.5154750440000003
499	-1.7656619999999998	1.8814359999999999	-3.7849459999999997	-0.9172309999999999	-1.7656619999999998	-0.12453282899999986	-0.8543283089999991	-0.5163964380000002
500	-1.7632059999999998	1.901279	-3.790828	-0.908883	-1.7632059999999998	-0.12264146799999985	-0.8581162139999992	-0.5173095060000003
501	-1.760702	1.921157	-3.796607	-0.9004909999999999	-1.760702	-0.12073024599999986	-0.8619099499999991	-0.5182142040000003
502	-1.7581499999999999	1.9410669999999999	-3.8022829999999996	-0.8920549999999999	-1.7581499999999999	-0.11879912999999985	-0.8657094139999992	-0.5191104880000003
503	-1.7555509999999999	1.96101	-3.807855	-0.8835759999999999	-1.7555509999999999	-0.11684808699999984	-0.8695145019999992	-0.5199983140000003
504	-1.752904	1.980985	-3.8133209999999997	-0.8750549999999999	-1.752904	-0.11487708499999984	-0.8733251089999992	-0.5208776400000003
505	-1.7502099999999998	2.00099	-3.8186799999999996	-0.866493	-1.7502099999999998	-0.11288609299999984	-0.8771411289999991	-0.5217484240000002
506	-1.747469	2.021025	-3.823931	-0.857891	-1.747469	-0.11087508099999983	-0.8809624539999992	-0.5226106260000002
507	-1.744681	2.041089	-3.829072	-0.8492489999999999	-1.744681	-0.10884401899999983	-0.8847889749999991	-0.5234642060000002
508	-1.741846	2.061182	-3.8341019999999997	-0.840568	-1.741846	-0.10679287799999983	-0.888620581999999	-0.5243091240000003
509	-1.7389629999999998	2.081303	-3.8390199999999997	-0.831849	-1.7389629999999998	-0.10472162999999983	-0.8924571629999991	-0.5251453420000004
510	-1.7360339999999999	2.10145	-3.843825	-0.823093	-1.7360339999999999	-0.10263024799999983	-0.8962986059999991	-0.5259728220000005
511	-1.733059	2.121623	-3.848515	-0.8142999999999999	-1.733059	-0.10051870599999983	-0.9001447969999992	-0.5267915280000005
512	-1.7300369999999998	2.1418209999999998	-3.8530889999999998	-0.8054709999999999	-1.7300369999999998	-0.09838697799999983	-0.9039956199999992	-0.5276014220000006
513	-1.726969	2.162044	-3.8575459999999997	-0.796608	-1.726969	-0.09623503899999984	-0.9078509589999992	-0.5284024700000006
514	-1.723855	2.18229	-3.861885	-0.7877109999999999	-1.723855	-0.09406286599999984	-0.9117106959999992	-0.5291946380000007
515	-1.7206949999999999	2.202559	-3.8661049999999997	-0.778781	-1.7206949999999999	-0.09187043499999985	-0.9155747129999992	-0.5299778920000006
516	-1.7174889999999998	2.2228499999999998	-3.8702039999999998	-0.7698189999999999	-1.7174889999999998	-0.08965772399999984	-0.9194428899999991	-0.5307522000000006
517	-1.714238	2.243162	-3.8741809999999997	-0.760825	-1.714238	-0.08742471099999984	-0.923315104999999	-0.5315175300000005
518	-1.7109409999999998	2.263494	-3.8780349999999997	-0.7517999999999999	-1.7109409999999998	-0.08517137599999984	-0.927191235999999	-0.5322738500000005
519	-1.707598	2.283845	-3.8817649999999997	-0.742746	-1.707598	-0.08289769899999984	-0.9310711589999989	-0.5330211300000004
520	-1.704211	2.304214	-3.885369	-0.733664	-1.704211	-0.08060366199999984	-0.934954748999999	-0.5337593420000003
521	-1.700778	2.324601	-3.8888469999999997	-0.7245539999999999	-1.700778	-0.07828924699999985	-0.9388418799999989	-0.5344884580000003
522	-1.697301	2.345005	-3.8921959999999998	-0.715417	-1.697301	-0.07595443599999986	-0.9427324249999989	-0.5352084500000004
523	-1.6937799999999998	2.365425	-3.8954169999999997	-0.706255	-1.6937799999999998	-0.07359921299999987	-0.9466262549999989	-0.5359192920000003
524	-1.6902139999999999	2.38586	-3.898507	-0.6970689999999999	-1.6902139999999999	-0.07122356199999987	-0.9505232409999989	-0.5366209600000004
525	-1.686604	2.406309	-3.9014659999999997	-0.687859	-1.686604	-0.06882746899999988	-0.9544232519999989	-0.5373134300000003
526	-1.6829509999999999	2.4267719999999997	-3.904293	-0.678626	-1.6829509999999999	-0.06641091999999989	-0.9583261559999989	-0.5379966780000004
527	-1.679254	2.447247	-3.906986	-0.669372	-1.679254	-0.06397390199999987	-0.9622318199999988	-0.5386706820000003
528	-1.675513	2.467733	-3.909544	-0.660098	-1.675513	-0.06151640299999987	-0.9661401099999989	-0.5393354220000003
529	-1.6717279999999999	2.488229	-3.9119669999999998	-0.6508039999999999	-1.6717279999999999	-0.05903841299999987	-0.970050890999999	-0.5399908780000003
530	-1.6679	2.5087349999999997	-3.914253	-0.6414909999999999	-1.6679	-0.05653992199999987	-0.9739640259999989	-0.5406370300000004
531	-1.66403	2.5292499999999998	-3.916401	-0.632161	-1.66403	-0.05402091999999986	-0.9778793789999989	-0.5412738600000003
532	-1.660118	2.549773	-3.9184099999999997	-0.622815	-1.660118	-0.05148139899999986	-0.981796809999999	-0.5419013520000003
533	-1.6561629999999998	2.5703039999999997	-3.920279	-0.6134539999999999	-1.6561629999999998	-0.04892135099999986	-0.985716180999999	-0.5425194900000004
534	-1.652166	2.59084	-3.9220059999999997	-0.6040789999999999	-1.652166	-0.046340768999999865	-0.9896373499999991	-0.5431282600000004
535	-1.648127	2.611382	-3.9235909999999996	-0.594691	-1.648127	-0.04373964799999987	-0.9935601749999992	-0.5437276480000003
536	-1.644047	2.631928	-3.925033	-0.585291	-1.644047	-0.04111798299999987	-0.9974845139999993	-0.5443176420000003
537	-1.639924	2.6524769999999998	-3.926331	-0.57588	-1.639924	-0.03847576999999987	-1.0014102229999993	-0.5448982300000004
538	-1.635761	2.673028	-3.9274839999999998	-0.5664589999999999	-1.635761	-0.03581300699999987	-1.0053371579999992	-0.5454694020000003
539	-1.6315579999999998	2.693581	-3.9284909999999997	-0.557029	-1.6315579999999998	-0.033129691999999863	-1.0092651729999993	-0.5460311480000003
540	-1.6273149999999998	2.7141349999999997	-3.92935	-0.547592	-1.6273149999999998	-0.030425822999999866	-1.0131941209999993	-0.5465834600000002
541	-1.623031	2.734688	-3.9300599999999997	-0.538149	-1.623031	-0.02770140099999987	-1.0171238539999994	-0.5471263320000003
542	-1.618707	2.7552399999999997	-3.9306219999999996	-0.528701	-1.618707	-0.024956425999999872	-1.0210542229999993	-0.5476597580000003
543	-1.614342	2.7757899999999998	-3.9310329999999998	-0.519249	-1.614342	-0.022190899999999875	-1.0249850789999995	-0.5481837340000003
544	-1.609939	2.7963359999999997	-3.931294	-0.509794	-1.609939	-0.019404825999999875	-1.0289162709999995	-0.5486982560000003
545	-1.605496	2.8168789999999997	-3.931402	-0.500338	-1.605496	-0.016598206999999872	-1.0328476479999993	-0.5492033220000004
546	-1.601014	2.8374159999999997	-3.931358	-0.490882	-1.601014	-0.013771047999999873	-1.0367790569999995	-0.5496989320000004
547	-1.5964939999999999	2.857947	-3.9311599999999998	-0.481427	-1.5964939999999999	-0.010923354999999874	-1.0407103449999995	-0.5501850860000005
548	-1.5919349999999999	2.878471	-3.9308069999999997	-0.471974	-1.5919349999999999	-0.008055133999999874	-1.0446413579999994	-0.5506617860000006
549	-1.587338	2.898987	-3.9302989999999998	-0.462524	-1.587338	-0.005166392999999873	-1.0485719409999992	-0.5511290340000007
550	-1.582705	2.919495	-3.9296349999999998	-0.45307899999999995	-1.582705	-0.002257139999999873	-1.0525019379999994	-0.5515868340000006
551	-1.578033	2.9399919999999997	-3.928813	-0.44364	-1.578033	0.0006726160000001271	-1.0564311919999994	-0.5520351920000007
552	-1.5733249999999999	2.9604779999999997	-3.9278329999999997	-0.434208	-1.5733249999999999	0.003622863000000127	-1.0603595449999994	-0.5524741140000008
553	-1.5685799999999999	2.980952	-3.926694	-0.42478499999999997	-1.5685799999999999	0.0065935900000001265	-1.0642868389999993	-0.5529036080000008
554	-1.563799	3.001413	-3.9253959999999997	-0.41537199999999996	-1.563799	0.009584785000000125	-1.0682129149999993	-0.5533236840000008
555	-1.5589819999999999	3.0218599999999998	-3.9239379999999997	-0.40596899999999997	-1.5589819999999999	0.012596434000000125	-1.0721376129999993	-0.5537343520000008
556	-1.5541289999999999	3.042293	-3.9223179999999997	-0.396578	-1.5541289999999999	0.015628523000000127	-1.0760607719999995	-0.5541356220000008
557	-1.5492409999999999	3.06271	-3.920537	-0.38720099999999996	-1.5492409999999999	0.018681037000000126	-1.0799822309999993	-0.5545275080000008
558	-1.544317	3.08311	-3.9185939999999997	-0.377838	-1.544317	0.021753960000000124	-1.0839018279999992	-0.5549100240000008
559	-1.539359	3.1034919999999997	-3.9164869999999996	-0.36849099999999996	-1.539359	0.024847274000000124	-1.0878193999999994	-0.5552831840000009
560	-1.534366	3.123855	-3.914217	-0.359161	-1.534366	0.02796096100000012	-1.0917347839999993	-0.5556470060000008
561	-1.529339	3.144198	-3.911781	-0.34984899999999997	-1.529339	0.03109500100000012	-1.0956478149999995	-0.5560015060000009
562	-1.524278	3.16452	-3.909181	-0.340557	-1.524278	0.03424937300000012	-1.0995583279999996	-0.5563467040000009
563	-1.5191839999999999	3.1848199999999998	-3.906415	-0.33128599999999997	-1.5191839999999999	0.037424056000000115	-1.1034661579999998	-0.5566826200000009
564	-1.514058	3.205097	-3.903482	-0.32203699999999996	-1.514058	0.04061902800000012	-1.1073711389999996	-0.5570092760000008
565	-1.5089	3.2253499999999997	-3.9003829999999997	-0.312812	-1.5089	0.043834265000000115	-1.1112731039999995	-0.5573266940000009
566	-1.503709	3.245578	-3.897116	-0.303612	-1.503709	0.047069743000000115	-1.1151718859999993	-0.5576349000000008
567	-1.498486	3.26578	-3.8936819999999996	-0.294438	-1.498486	0.05032543600000012	-1.1190673179999995	-0.5579339180000008
568	-1.4932299999999998	3.285955	-3.8900789999999996	-0.285292	-1.4932299999999998	0.053601317000000114	-1.1229592319999995	-0.5582237760000007
569	-1.487944	3.3061019999999997	-3.886306	-0.276174	-1.487944	0.05689735900000011	-1.1268474579999994	-0.5585045020000007
570	-1.482627	3.3262199999999997	-3.8823649999999996	-0.267086	-1.482627	0.06021353400000012	-1.1307318269999995	-0.5587761240000008
571	-1.477279	3.346308	-3.878253	-0.25803	-1.477279	0.06354981200000012	-1.1346121699999996	-0.5590386740000007
572	-1.471901	3.366364	-3.8739709999999996	-0.24900599999999998	-1.471901	0.06690616200000013	-1.1384883159999997	-0.5592921840000008
573	-1.466494	3.3863879999999997	-3.8695169999999997	-0.24001499999999998	-1.466494	0.07028255200000014	-1.1423600939999998	-0.5595366860000007
574	-1.461058	3.4063779999999997	-3.864893	-0.231059	-1.461058	0.07367894900000013	-1.1462273329999997	-0.5597722140000007
575	-1.455592	3.4263339999999998	-3.8600969999999997	-0.22213999999999998	-1.455592	0.07709531900000013	-1.1500898619999997	-0.5599988040000007
576	-1.4500979999999999	3.446255	-3.8551279999999997	-0.213259	-1.4500979999999999	0.08053162800000013	-1.1539475089999995	-0.5602164940000006
577	-1.4445759999999999	3.4661389999999996	-3.8499869999999996	-0.204417	-1.4445759999999999	0.08398783900000012	-1.1578001009999994	-0.5604253220000007
578	-1.4390269999999998	3.485986	-3.844674	-0.19561499999999998	-1.4390269999999998	0.08746391600000011	-1.1616474659999994	-0.5606253280000008
579	-1.43345	3.5057929999999997	-3.839187	-0.186854	-1.43345	0.09095982000000011	-1.1654894309999992	-0.5608165520000007
580	-1.427846	3.5255609999999997	-3.8335269999999997	-0.178136	-1.427846	0.0944755120000001	-1.1693258229999994	-0.5609990360000007
581	-1.422216	3.5452879999999998	-3.827693	-0.169462	-1.422216	0.0980109510000001	-1.1731564679999993	-0.5611728240000006
582	-1.416559	3.5649729999999997	-3.821685	-0.160833	-1.416559	0.1015660960000001	-1.176981191999999	-0.5613379600000005
583	-1.410877	3.584616	-3.8155029999999996	-0.152251	-1.410877	0.10514090500000012	-1.180799820999999	-0.5614944900000004
584	-1.405169	3.604214	-3.809147	-0.14371699999999998	-1.405169	0.10873533500000013	-1.184612180999999	-0.5616424620000003
585	-1.399436	3.623767	-3.802616	-0.135232	-1.399436	0.11234934000000013	-1.1884180979999992	-0.5617819240000003
586	-1.393678	3.643274	-3.795911	-0.126798	-1.393678	0.11598287500000012	-1.1922173969999994	-0.5619129260000003
587	-1.387896	3.662734	-3.7890319999999997	-0.118416	-1.387896	0.11963589400000013	-1.1960099039999994	-0.5620355200000003
588	-1.38209	3.682146	-3.7819779999999996	-0.11008599999999999	-1.38209	0.12330834900000012	-1.1997954449999995	-0.5621497580000004
589	-1.376261	3.701508	-3.7747479999999998	-0.10181	-1.376261	0.12700019100000012	-1.2035738439999997	-0.5622556920000005
590	-1.370409	3.72082	-3.767344	-0.09358999999999999	-1.370409	0.13071137000000013	-1.2073449259999998	-0.5623533780000004
591	-1.364534	3.74008	-3.7597639999999997	-0.085426	-1.364534	0.13444183500000015	-1.211108516	-0.5624428720000004
592	-1.3586369999999999	3.759287	-3.75201	-0.077319	-1.3586369999999999	0.13819153400000014	-1.2148644389999999	-0.5625242300000005
593	-1.3527179999999999	3.778441	-3.74408	-0.069271	-1.3527179999999999	0.14196041300000015	-1.2186125199999998	-0.5625975100000006
594	-1.346779	3.797539	-3.735975	-0.061283	-1.346779	0.14574841800000013	-1.2223525839999998	-0.5626627720000005
595	-1.340819	3.816581	-3.7276949999999998	-0.053356	-1.340819	0.14955549300000012	-1.2260844549999996	-0.5627200760000005
596	-1.334838	3.835566	-3.7192399999999997	-0.045492	-1.334838	0.1533815820000001	-1.2298079589999995	-0.5627694840000005
597	-1.328836	3.8544929999999997	-3.71061	-0.037691999999999996	-1.328836	0.1572266270000001	-1.2335229199999995	-0.5628110600000006
598	-1.3228149999999999	3.8733609999999996	-3.701805	-0.029956	-1.3228149999999999	0.1610905690000001	-1.2372291639999995	-0.5628448680000006
599	-1.316774	3.892168	-3.6928259999999997	-0.022286	-1.316774	0.16497334900000007	-1.2409265159999996	-0.5628709720000006
600	-1.310716	3.910914	-3.6836719999999996	-0.014683	-1.310716	0.16887490500000005	-1.2446148019999996	-0.5628894400000005
601	-1.304638	3.929597	-3.674343	-0.007148	-1.304638	0.17279517600000002	-1.2482938459999997	-0.5629003380000005
602	-1.298543	3.948216	-3.66484	0.000318	-1.298543	0.17673409800000003	-1.2519634739999996	-0.5629037360000005
603	-1.29243	3.96677	-3.655163	0.0077139999999999995	-1.29243	0.18069160600000003	-1.2556235119999997	-0.5628997020000005
604	-1.2863	3.985258	-3.645313	0.015038	-1.2863	0.18466763500000002	-1.2592737869999997	-0.5628883080000006
605	-1.280154	4.003679	-3.6352889999999998	0.022289999999999997	-1.280154	0.18866211900000004	-1.2629141249999996	-0.5628696260000005
606	-1.2739909999999999	4.022031999999999	-3.625092	0.029469	-1.2739909999999999	0.19267499000000002	-1.2665443519999995	-0.5628437280000004
607	-1.2678129999999999	4.040316	-3.614722	0.036573	-1.2678129999999999	0.196706179	-1.2701642959999995	-0.5628106880000004
608	-1.261619	4.058529	-3.604179	0.043601	-1.261619	0.20075561700000003	-1.2737737829999993	-0.5627705820000005
609	-1.25541	4.076671	-3.593464	0.050552	-1.25541	0.20482323200000005	-1.2773726409999995	-0.5627234860000004
610	-1.249186	4.09474	-3.5825769999999997	0.057425	-1.249186	0.20890895300000004	-1.2809606979999995	-0.5626694780000004
611	-1.242948	4.112736	-3.571519	0.06422	-1.242948	0.21301270600000002	-1.2845377829999993	-0.5626086360000006
612	-1.236696	4.130657	-3.560289	0.070936	-1.236696	0.21713441800000002	-1.2881037239999995	-0.5625410380000005
613	-1.230431	4.148502	-3.548889	0.077571	-1.230431	0.22127401300000002	-1.2916583499999996	-0.5624667640000006
614	-1.224153	4.16627	-3.5373189999999997	0.08412399999999999	-1.224153	0.22543141400000002	-1.2952014909999998	-0.5623858960000007
615	-1.217863	4.18396	-3.525579	0.090595	-1.217863	0.22960654400000005	-1.2987329769999998	-0.5622985160000006
616	-1.21156	4.20157	-3.5136689999999997	0.096983	-1.21156	0.23379932400000006	-1.3022526379999997	-0.5622047060000005
617	-1.205246	4.2191	-3.501591	0.10328699999999999	-1.205246	0.23800967400000003	-1.3057603049999997	-0.5621045500000005
618	-1.19892	4.236548	-3.489344	0.10950599999999999	-1.19892	0.24223751300000004	-1.3092558089999997	-0.5619981320000004
619	-1.192583	4.253914	-3.47693	0.11563899999999999	-1.192583	0.24648275900000002	-1.3127389829999996	-0.5618855380000004
620	-1.186237	4.271196	-3.464349	0.12168499999999999	-1.186237	0.250745329	-1.3162096589999996	-0.5617668540000004
621	-1.17988	4.288393999999999	-3.4516009999999997	0.127643	-1.17988	0.255025139	-1.3196676709999995	-0.5616421680000004
622	-1.173513	4.305505999999999	-3.438688	0.133512	-1.173513	0.259322104	-1.3231128519999995	-0.5615115680000003
623	-1.1671369999999999	4.3225299999999995	-3.4256089999999997	0.139291	-1.1671369999999999	0.263636137	-1.3265450369999994	-0.5613751440000004
624	-1.160752	4.339466	-3.412366	0.14498	-1.160752	0.26796715000000004	-1.3299640609999992	-0.5612329860000004
625	-1.154359	4.356314	-3.398959	0.150578	-1.154359	0.2723150550000001	-1.3333697599999992	-0.5610851840000003
626	-1.147957	4.373072	-3.385388	0.156084	-1.147957	0.2766797630000001	-1.336761969999999	-0.5609318300000002
627	-1.141549	4.3897379999999995	-3.371655	0.161498	-1.141549	0.28106118300000005	-1.3401405279999992	-0.5607730160000003
628	-1.135133	4.406312	-3.35776	0.166819	-1.135133	0.28545922300000004	-1.3435052719999994	-0.5606088340000003
629	-1.128711	4.422791999999999	-3.343704	0.172046	-1.128711	0.28987379	-1.3468560399999991	-0.5604393780000002
630	-1.122282	4.439177	-3.329488	0.177179	-1.122282	0.294304789	-1.350192671999999	-0.5602647420000003
631	-1.115847	4.455467	-3.315112	0.182217	-1.115847	0.298752126	-1.3535150079999991	-0.5600850200000004
632	-1.109406	4.47166	-3.300578	0.187159	-1.109406	0.303215704	-1.3568228889999991	-0.5599003080000003
633	-1.1029609999999999	4.487755	-3.2858859999999996	0.19200499999999998	-1.1029609999999999	0.307695426	-1.3601161569999993	-0.5597107020000004
634	-1.0965099999999999	4.503750999999999	-3.2710369999999998	0.19675399999999998	-1.0965099999999999	0.31219119399999995	-1.3633946539999995	-0.5595162980000005
635	-1.090056	4.519647	-3.256032	0.201405	-1.090056	0.3167029079999999	-1.3666582239999996	-0.5593171940000005
636	-1.083598	4.535442	-3.240871	0.205958	-1.083598	0.3212304669999999	-1.3699067109999996	-0.5591134880000005
637	-1.0771359999999999	4.5511349999999995	-3.2255559999999996	0.210412	-1.0771359999999999	0.32577376999999996	-1.3731399599999996	-0.5589052780000004
638	-1.07067	4.566724	-3.210088	0.21476599999999998	-1.07067	0.33033271399999997	-1.3763578169999997	-0.5586926640000004
639	-1.0642019999999999	4.582209	-3.1944679999999996	0.21902	-1.0642019999999999	0.334907195	-1.3795601299999998	-0.5584757460000004
640	-1.057731	4.597589999999999	-3.178696	0.22317399999999998	-1.057731	0.33949710899999996	-1.3827467469999997	-0.5582546240000005
641	-1.051259	4.612864	-3.1627739999999998	0.22722799999999999	-1.051259	0.34410235	-1.3859175169999998	-0.5580293980000005
642	-1.0447849999999999	4.628031	-3.146703	0.231181	-1.0447849999999999	0.348722812	-1.3890722899999997	-0.5578001680000005
643	-1.0383099999999998	4.643089	-3.1304819999999998	0.235032	-1.0383099999999998	0.353358386	-1.3922109169999994	-0.5575670360000006
644	-1.031834	4.6580379999999995	-3.114114	0.238781	-1.031834	0.35800896400000004	-1.3953332489999992	-0.5573301040000006
645	-1.0253569999999999	4.672876	-3.0976	0.24242799999999998	-1.0253569999999999	0.3626744350000001	-1.3984391399999994	-0.5570894740000006
646	-1.01888	4.687603	-3.08094	0.245972	-1.01888	0.3673546890000001	-1.4015284439999993	-0.5568452480000007
647	-1.0124039999999999	4.702217	-3.0641369999999997	0.249412	-1.0124039999999999	0.37204961300000017	-1.4046010159999995	-0.5565975300000007
648	-1.005928	4.716718999999999	-3.04719	0.252749	-1.005928	0.37675909500000015	-1.4076567129999997	-0.5563464240000008
649	-0.9994529999999999	4.7311049999999994	-3.0301009999999997	0.255983	-0.9994529999999999	0.3814830210000002	-1.4106953919999996	-0.5560920320000008
650	-0.992979	4.7453769999999995	-3.0128719999999998	0.259113	-0.992979	0.3862212760000002	-1.4137169119999995	-0.5558344580000009
651	-0.9865069999999999	4.759532	-2.995503	0.262139	-0.9865069999999999	0.3909737440000002	-1.4167211329999994	-0.555573806000001
652	-0.980038	4.773569999999999	-2.977995	0.26505999999999996	-0.980038	0.3957403090000001	-1.4197079149999992	-0.555310180000001
653	-0.973571	4.787489	-2.96035	0.267876	-0.973571	0.4005208520000001	-1.422677119999999	-0.5550436860000011
654	-0.9671059999999999	4.801289	-2.9425689999999998	0.27058699999999997	-0.9671059999999999	0.4053152550000001	-1.4256286119999992	-0.554774428000001
655	-0.960645	4.814969	-2.9246529999999997	0.27319299999999996	-0.960645	0.4101233980000001	-1.4285622549999992	-0.554502512000001
656	-0.954187	4.8285279999999995	-2.906603	0.275694	-0.954187	0.41494516000000004	-1.4314779149999994	-0.5542280420000011
657	-0.9477329999999999	4.841965	-2.8884209999999997	0.278089	-0.9477329999999999	0.41978042000000004	-1.4343754589999995	-0.5539511240000011
