1	0.9999998549378837	0.0005767209175807915	0.9994231400197848	2.6994000518e-05	-2.7e-05
2	0.9999994360977849	0.0023046323396518293	0.9976948337535609	0.00010796400457199999	-0.00010799399999999998
3	0.9999987593574415	0.0051770055100352624	0.994821876815161	0.00024285303224532727	-0.00024297600000000003
4	0.9999978746154813	0.009182709474600793	0.9908155109953425	0.00043158014553797597	-0.00043192599999999996
5	0.9999968549521574	0.014306334939065836	0.9856912995291416	0.00067404048394994	-0.00067482
6	0.9999958174589684	0.020528364547582188	0.9794689556505718	0.0009701292608145225	-0.0009716320000000002
7	0.9999948558425173	0.027825386400836843	0.9721721275250489	0.0013196639166317059	-0.0013223220000000001
8	0.9999941066506133	0.036170347141520495	0.9638281433905246	0.0017224621185681387	-0.0017268460000000002
9	0.9999936734769523	0.04553284009579826	0.9544677213775302	0.0021782640036238027	-0.002185152
10	0.9999938800251936	0.05587942350387205	0.9441246490224395	0.002686991498881994	-0.002697184
11	0.9999948011651241	0.06717396357731734	0.932835437894714	0.0032482816930926653	-0.0032628819999999995
12	0.9999966313649854	0.07937799625328978	0.9206389590609396	0.0038618520507557883	-0.003882176
13	0.9999997257350044	0.09245110259443948	0.9075760652486936	0.004527551891871332	-0.004554994
14	1.0000041435131417	0.10635129118865783	0.8936892055986279	0.005244906725855906	-0.005281259999999999
15	1.0000102871976009	0.12103538222319465	0.8790220388124468	0.006013755161959503	-0.006060889
16	1.000018276170107	0.1364593875914841	0.8636190502731076	0.006833630305515364	-0.006893791999999999
17	1.000028446494462	0.15257888210023773	0.8475251783926175	0.007704264001606814	-0.007779878
18	1.0000411267727025	0.16934935984897845	0.8307854550562402	0.008625356867483782	-0.008719044999999998
19	1.0000564372538883	0.1867265740743818	0.8134446645068601	0.009596399672646225	-0.009711201000000001
20	1.000074831607486	0.20466685199944534	0.7955470245184463	0.010617193089594105	-0.010756237999999998
21	1.000096485274301	0.22312738683527866	0.7771358931034452	0.011687250335577248	-0.011854045
22	1.0001216477630097	0.2420665014455681	0.7582535033246792	0.012806159992762356	-0.013004516999999998
23	1.0001507481191254	0.2614438802118894	0.7389407282635868	0.013973676643649287	-0.014207537
24	1.0001840161503752	0.28122077224432507	0.7192368775060621	0.015189359399988027	-0.015462993
25	1.000221646902547	0.30136015957177475	0.6991795259254936	0.016452724405278528	-0.016770762999999998
26	1.000263909375967	0.32182689615562243	0.6788043749686574	0.01776336725168729	-0.018130728999999998
27	1.0003109909106882	0.3425878122041497	0.6581451461104075	0.01912079859613099	-0.019542766000000003
28	1.0003633894502404	0.3636117882780739	0.6372335056969736	0.02052484047519293	-0.021006745
29	1.0004213370168575	0.38486980095129963	0.6160990198966017	0.021975057168956237	-0.022522540999999997
30	1.0004851688209577	0.40633493817779376	0.5947691381531597	0.02347112149000423	-0.024090028999999995
31	1.0005549776623661	0.42798238883331835	0.5732692032346276	0.025012468594420113	-0.025709083
32	1.0006310488584196	0.44978940709936777	0.5516224856938481	0.02659872706520381	-0.027379570999999995
33	1.0007136297262513	0.4717352565648454	0.5298502403528007	0.0282294938086052	-0.029101361000000003
34	1.0008031923509362	0.49380113418341925	0.5079717822843928	0.029904594883124188	-0.030874318999999994
35	1.0008997786004863	0.5159700784275671	0.48600457969290833	0.03162343848001065	-0.032698318
36	1.0010039238563861	0.5382268613480906	0.463964361071864	0.0333859324364313	-0.034573230999999996
37	1.001115366956934	0.560557868786344	0.4418652340407876	0.03519118912980252	-0.036498925
38	1.0012346035473392	0.5829509724437717	0.4197198132818596	0.03703907682170763	-0.03847525899999999
39	1.0013621066181853	0.6053953977626993	0.3975393550645061	0.038929452790979875	-0.040502099
40	1.001497629225416	0.627881585571	0.3753338959983804	0.04086146465603576	-0.04257931699999999
41	1.0016418656403003	0.6504010491122196	0.3531123938422056	0.04283519968587523	-0.04470677699999999
42	1.0017945811431759	0.6729462345908697	0.33088286830330793	0.044849823248998166	-0.046884344999999994
43	1.0019561995920043	0.6955103810766984	0.3086525399423181	0.04690515757298773	-0.049111879
44	1.002127279961591	0.7180873894077803	0.2864279654759667	0.049001175077844024	-0.05138925
45	1.002307716560446	0.7406716880462049	0.264215168012341	0.05113718350190011	-0.05371632299999999
46	1.0024979403309946	0.7632581120776264	0.24201976093896227	0.0533130353144058	-0.056092967999999986
47	1.0026979567482366	0.785841783865737	0.21984706436105494	0.055528156521444445	-0.05851904799999998
48	1.002908200570368	0.8084180079258146	0.19770221319295422	0.05778241145159918	-0.06099443199999999
49	1.0031286136144124	0.8309821686912715	0.17559025619527113	0.0600751727278699	-0.063518984
50	1.0033592961354898	0.8535296440926416	0.1535162454304253	0.062405978612422995	-0.06609257199999999
51	1.0036007860826675	0.8760557208099818	0.13148531579184397	0.06477480048084175	-0.06871505099999999
52	1.00385298987615	0.8985555331494064	0.10950275437695056	0.0671809973497928	-0.071386295
53	1.0041163995830884	0.921023993148053	0.08757405968925946	0.06962450674577599	-0.07410615999999999
54	1.0043912044826955	0.9434557517534573	0.06570499074228031	0.07210498198695789	-0.07687451999999999
55	1.0046775428665888	0.9658451521257125	0.04390160625062123	0.07462202649025501	-0.07969124199999998
56	1.0049757080541852	0.9881861993519496	0.022170294285068004	0.07717540341716737	-0.08255618899999996
57	1.0052860300041349	1.0104725453316243	0.0005177927197322907	0.07976492695277795	-0.08546923499999996
58	1.0056079817431978	1.032697472785717	-0.021048799021355702	0.0823895579788365	-0.08843024999999996
59	1.0059424878651522	1.0548538868905817	-0.042522016315939215	0.08504971129050978	-0.09143909399999997
60	1.006289323461239	1.0769343246616132	-0.06389403324708864	0.08774466604671428	-0.09449563399999997
61	1.0066489698394467	1.09893096539238	-0.08515667343688327	0.09047441988394986	-0.09759974199999996
62	1.0070212902236324	1.120835645080889	-0.1063014270963899	0.0932383632391332	-0.10075129099999997
63	1.0074067038949333	1.1426398761516439	-0.1273194735950579	0.09603644833834742	-0.10395014699999999
64	1.0078056286048918	1.1643348787425585	-0.14820170888684225	0.09886864074917558	-0.107196182
65	1.0082174155049894	1.1859116095489415	-0.16893877709915284	0.10173384905520083	-0.110489266
66	1.0086430084350588	1.2073607963159647	-0.1895211055806626	0.10463258769975657	-0.11382926999999997
67	1.009082016470851	1.2286729776015486	-0.20993894276337322	0.10756405263267585	-0.11721607099999999
68	1.0095348913156368	1.2498385374905403	-0.23018239817619524	0.1105282910012918	-0.120649539
69	1.0100017788737352	1.2708477515448582	-0.2502414840086442	0.11352506233752115	-0.124129551
70	1.010482681007415	1.2916908265009683	-0.27010615765550006	0.11655399416194698	-0.127655982
71	1.0109780338210987	1.3123579428141974	-0.28976636468133443	0.11961516568823581	-0.13122870999999997
72	1.0114874960890154	1.332839299825979	-0.3092120817243511	0.12270789398738755	-0.13484761599999998
73	1.0120114907954525	1.3531251525770394	-0.32843335886148883	0.12583227307990205	-0.13851257599999997
74	1.0125499653333034	1.3732058582176636	-0.34742036103122265	0.1289879401468625	-0.14222347199999996
75	1.0131028524491266	1.393071913263896	-0.3661634081534546	0.13217453133868512	-0.14598018399999996
76	1.013670215613484	1.412713991853929	-0.3846530136025651	0.13539182936212002	-0.149782592
77	1.0142524433933946	1.4321229821315522	-0.40287992076282464	0.13863996002466708	-0.15363057799999996
78	1.0148498525996013	1.4512900263064406	-0.42083513744641543	0.14191899773957606	-0.15752403399999998
79	1.015462061041846	1.4702065441699022	-0.4385099679498199	0.1452283308217636	-0.16146284599999994
80	1.0160890075537332	1.4888642653908422	-0.4558960425858386	0.14856768674872958	-0.16544690199999992
81	1.0167314117980395	1.5072552564359556	-0.4729853446009733	0.15193758796305706	-0.16947608799999994
82	1.01738876167134	1.5253719509109849	-0.48977023440339107	0.15533734716374598	-0.17355030199999996
83	1.0180608824286226	1.5432071621935894	-0.5062434710260127	0.15876662726104598	-0.177669436
84	1.018748110137432	1.5607541083009082	-0.5223982308079334	0.16222561864445698	-0.18183338599999999
85	1.0194503299280668	1.5780064218304568	-0.5382281233128687	0.1657140754104788	-0.18604204400000005
86	1.0201680364736632	1.5949581695530959	-0.5537272045197111	0.16923237944027833	-0.19029530800000005
87	1.020900381388239	1.6116038633157659	-0.5688899873571317	0.17277958642960498	-0.19459308100000006
88	1.0216481392097798	1.6279384651257214	-0.5837114496349002	0.17635638871895856	-0.19893526500000006
89	1.0224111647434844	1.643957392858644	-0.5981870394669986	0.17996257235183902	-0.20332176100000007
90	1.02318889488224	1.6596565269144508	-0.6123126783100403	0.18359752527782963	-0.20775247900000005
91	1.0239821105974327	1.6750322081113933	-0.6260847617290578	0.187261992215097	-0.21222732800000005
92	1.0247905394032097	1.690081236658385	-0.6395001580138995	0.1909556767587242	-0.21674621600000007
93	1.02561350265153	1.7048008725460388	-0.652556204797553	0.19467789090304435	-0.22130905600000006
94	1.0264517713354668	1.719188827390074	-0.6652507038113312	0.19842941175672404	-0.22591576400000005
95	1.0273050568407032	1.7332432578692825	-0.6775819139169253	0.20220996588834628	-0.23056625300000005
96	1.028172717429781	1.7469627610965879	-0.6895485425761346	0.20601893990932774	-0.23526044100000004
97	1.0290554491418078	1.7603463617009294	-0.7011497358992065	0.20985707234008488	-0.23999824900000005
98	1.0299529292021454	1.773393501031533	-0.7123850674130882	0.21372409058370057	-0.24477959500000002
99	1.0308650134645634	1.7861040323737765	-0.7232545257113046	0.21761991680209164	-0.24960441000000003
100	1.0317919751882794	1.798478193909304	-0.7337585011031158	0.22154489538209132	-0.25447261300000007
101	1.0327330453962626	1.8105166128147503	-0.7438977714161868	0.22549834399769939	-0.2593841400000001
102	1.0336889344538178	1.822220269280814	-0.7536734870731615	0.22948106224616552	-0.26433891000000015
103	1.0346588447668312	1.8335905067576495	-0.7630871555784744	0.23349235858765632	-0.2693368650000001
104	1.0356430568376267	1.844628991031514	-0.772140625528892	0.23753262033500497	-0.27437792900000013
105	1.0366418394874595	1.8553377162418452	-0.7808360702564302	0.24160223750204465	-0.27946204400000013
106	1.037654384977397	1.8657189740915867	-0.7891759712227984	0.24570052810860854	-0.2845891460000001
107	1.0386808798719962	1.8757753449017094	-0.7971631012459929	0.24982781321627962	-0.2897591770000001
108	1.0397210423621317	1.8855096737523822	-0.8048005076604746	0.2539839482702245	-0.2949720720000001
109	1.0407751553589404	1.8949250653451442	-0.8120914954986468	0.25816936251244305	-0.3002277770000001
110	1.041842847886245	1.9040248564412714	-0.8190396107660444	0.2623838352110182	-0.3055262330000001
111	1.0429244114600398	1.9128126110758616	-0.8256486238802717	0.26662781626444976	-0.310867392
112	1.044019674139684	1.921292097089471	-0.8319225133397747	0.2709012973899881	-0.31625120700000003
113	1.0451283761944028	1.929467266589159	-0.8378654496662221	0.27520418327146595	-0.32167762400000005
114	1.0462501243978906	1.9373422521316264	-0.8434817796875358	0.2795362539538	-0.32714660200000006
115	1.0473846513163823	1.9449213363296836	-0.8487760111952912	0.28389741318198997	-0.33265808700000005
116	1.0485326323816504	1.9522089527319104	-0.8537527980179621	0.288288514667702	-0.338212037
117	1.0496934243537674	1.9592096678931772	-0.8584169255490125	0.292709095009603	-0.3438084130000001
118	1.0508667599836863	1.9659281559583508	-0.8627732967390241	0.29715906976435963	-0.34944716900000006
119	1.052053343171385	1.9723692011025729	-0.8668269185881589	0.30163932765697116	-0.35512826700000005
120	1.0532523157058273	1.9785376809962656	-0.8705828891590425	0.3061491978686042	-0.3608516740000001
121	1.0544642454130073	1.984438546738199	-0.8740463851104507	0.310689438785259	-0.3666173550000001
122	1.05568790801932	1.990076815114107	-0.8772226497674718	0.31525901467268486	-0.3724252720000001
123	1.056924525996886	1.9954575614566474	-0.8801169817391433	0.319859338279382	-0.37827539200000004
124	1.0581723420390847	2.0005859091000406	-0.8827347240829724	0.3244888470220166	-0.3841676900000001
125	1.0594326044435878	2.005467003324465	-0.8850812540096323	0.3291489761287554	-0.3901021210000001
126	1.0607049375352169	2.010106029821195	-0.8871619731354929	0.333839546849515	-0.3960786660000001
127	1.0619932459707726	2.01451840778696	-0.8889881325699822	0.3385602697537947	-0.402097299
128	1.0632885993091985	2.01872696008011	-0.8905915801684228	0.34331120939751114	-0.4081579900000001
129	1.064595244824491	2.022743932250447	-0.8919802880931197	0.3480923096671643	-0.41426070900000006
130	1.065913530284503	2.026573845624169	-0.8931589453748363	0.3529040630351705	-0.4204054330000001
131	1.0672439123273718	2.030221278789703	-0.8941322972310273	0.3577470697686962	-0.42659213900000004
132	1.0685856796673796	2.03369085954524	-0.8949051327236852	0.36262076584582487	-0.432820813
133	1.069938400498074	2.036987245404661	-0.8954822731698094	0.3675248612632225	-0.43909143300000003
134	1.0713027125113843	2.040115116983872	-0.8958685612842938	0.37246013281180596	-0.44540397600000003
135	1.0726777708161261	2.043079168038796	-0.896068851033745	0.3774258738110752	-0.45175842
136	1.0740640666988468	2.0458841002698804	-0.8960879981772301	0.38242271360619645	-0.4581547490000001
137	1.075461186845497	2.048534610615644	-0.8959308514693163	0.3874503746991693	-0.464592947
138	1.076869524695231	2.0510353832407087	-0.8956022445008878	0.39250937895541	-0.47107299299999994
139	1.0782892000294293	2.0533910862329297	-0.8951069881525856	0.3975999789490855	-0.477594877
140	1.079718687762318	2.055606360682025	-0.8944498636352363	0.4027207787155291	-0.484158588
141	1.0811590961386293	2.057685806164918	-0.8936356160931127	0.40787300806682375	-0.49076410200000004
142	1.082609579202999	2.0596339873076173	-0.8926689487440875	0.4130559416394693	-0.497411401
143	1.0840713033055553	2.061455428554903	-0.891554517529563	0.41827086528021523	-0.504100473
144	1.0855611190020273	2.063187979088951	-0.8903124640232346	0.42351691293631133	-0.5108313090000001
145	1.0870430997173979	2.064906296474707	-0.8890534892929833	0.4287941895356742	-0.5176038970000001
146	1.0885355374350896	2.0666494706411354	-0.8877984120748497	0.434102702868804	-0.5244182240000002
147	1.0900392651096258	2.0684175586585467	-0.8865472055944545	0.4394431880455337	-0.5312742760000001
148	1.0915533523137821	2.070210622749492	-0.8852998432934056	0.44481461885769596	-0.5381720460000001
149	1.0930778899383937	2.072028722021294	-0.8840562988270241	0.4502169857441241	-0.545111519
150	1.0946131072622989	2.0738719165977844	-0.8828165460627204	0.4556504157272349	-0.552092679
151	1.0961590903982148	2.075740267621954	-0.8815805590777672	0.46111489585402815	-0.559115514
152	1.0977156590662343	2.0776338372586687	-0.8803483121571043	0.4666101419646699	-0.5661800080000001
153	1.0992822885620561	2.07955268869748	-0.8791197797911675	0.47213552465574354	-0.5732861450000001
154	1.1008605856817906	2.0814968819919013	-0.87789493667436	0.4776925453642492	-0.5804339050000001
155	1.1024497684517232	2.0834664865441046	-0.8766737577023176	0.4832803176099362	-0.5876232780000001
156	1.1040491607331555	2.0854615644636714	-0.8754562179698204	0.4888980562393046	-0.5948542420000001
157	1.1056593068929628	2.087482183055112	-0.8742422927693362	0.4945461966071869	-0.6021267800000001
158	1.1072798366642957	2.0895284106625827	-0.8730319575883706	0.5002242585900836	-0.6094408750000001
159	1.108911624162829	2.0916003124893936	-0.871825188108059	0.5059330047814945	-0.6167965050000002
160	1.1105546393225327	2.0936979589552003	-0.8706219602011701	0.5116722945685026	-0.6241936540000002
161	1.1122088536588084	2.0958214215291564	-0.8694222499295389	0.5174419860591909	-0.631632304
162	1.1138746336298975	2.097970772733464	-0.8682260335421264	0.5232423324385598	-0.6391124380000001
163	1.115551820902165	2.100146086146997	-0.8670332874731074	0.5290730612282752	-0.646634039
164	1.1172405220203794	2.102347436409022	-0.86584398833998	0.5349341629513371	-0.654197089
165	1.1189398756929574	2.104574899222993	-0.8646581129416974	0.5408246594116617	-0.66180157
166	1.1206506635645903	2.1068285471461743	-0.8634756382574156	0.5467452106758317	-0.669447456
167	1.1223733217586034	2.109108458007251	-0.8622965414446627	0.5526961321960147	-0.677134727
168	1.124107804897021	2.111414710710673	-0.8611207998369454	0.5586772610232933	-0.6848633669999998
169	1.125853093140148	2.1137473852407855	-0.8599483909419712	0.5646874528413336	-0.692633354
170	1.127610431321738	2.1161065584332435	-0.8587792924404748	0.5707278283289693	-0.7004446629999999
171	1.1293798029785607	2.118492312429423	-0.857613482184479	0.5767982467336167	-0.708297274
172	1.1311603087545428	2.120904730463174	-0.8564509381949896	0.5828976834863586	-0.716191167
173	1.132953257030656	2.1233438926180104	-0.8552916386608834	0.589027318073529	-0.7241263149999999
174	1.1347574688809023	2.1258098843102533	-0.8541355619372283	0.595185844507877	-0.7321026979999998
175	1.1365740274778675	2.128302787804837	-0.8529826865436223	0.6013742152166526	-0.7401202889999999
176	1.1384019203997666	2.1308226907181327	-0.8518329911625546	0.6075912858441884	-0.7481790649999999
177	1.1402423099834809	2.1333696775141986	-0.8506864546377859	0.6138380851070679	-0.7562789979999999
178	1.1420946214546723	2.1359438380277096	-0.8495430559727458	0.6201139053997083	-0.7644200659999999
179	1.1439587951776258	2.13854525894022	-0.8484027743289533	0.6264185535663589	-0.7726022429999999
180	1.145835851396214	2.141174028040714	-0.8472655890250198	0.6327529123805194	-0.7808254999999998
181	1.1477231286223843	2.1438302342302107	-0.8461314795350999	0.6391141829272733	-0.7890898089999999
182	1.1496223712144675	2.1465139632328527	-0.8450004254879215	0.6455039674695364	-0.797395134
183	1.1515349004280107	2.1492253061704663	-0.8438724066652652	0.6519234469228095	-0.8057414459999998
184	1.153459492162059	2.151964359595387	-0.8427474029993358	0.658371256566008	-0.8141287210000001
185	1.1553964492410624	2.154731216904138	-0.8416253945712914	0.6648475559082156	-0.8225569290000001
186	1.1573457647077068	2.157525972629537	-0.8405063616103458	0.6713521936885153	-0.8310260399999999
187	1.1593088380167278	2.160348722445812	-0.839390284492325	0.6778864240632407	-0.8395360239999999
188	1.1612842398052838	2.1631995675007443	-0.8382771437376845	0.6844486710422241	-0.8480868549999999
189	1.1632723941012735	2.1660786057854104	-0.837166920010103	0.6910392103259659	-0.8566785019999998
190	1.1652716890875277	2.168985932109931	-0.836059594116203	0.6976562780937994	-0.8653109269999999
191	1.1672837244010146	2.171921642422841	-0.8349551470047166	0.7043013219828902	-0.8739840929999999
192	1.1693090375224062	2.174885838166394	-0.8338535597645604	0.710974726120573	-0.8826979669999999
193	1.1713476363654958	2.1778786219563333	-0.8327548136229344	0.7176763470320968	-0.8914525189999999
194	1.1733994460173207	2.1809000975875983	-0.8316588899439887	0.724405953373711	-0.900247715
195	1.1754635610270956	2.1839503656716555	-0.830565770228059	0.7311624815834993	-0.909083516
196	1.1775404682224884	2.187029532359717	-0.8294754361103571	0.7379462619731284	-0.91795989
197	1.1796310988406469	2.190137700618646	-0.8283878693596802	0.7447580645816813	-0.9268767970000001
198	1.1817353250524445	2.1932749789787565	-0.827303051877136	0.7515976019508241	-0.9358342040000001
199	1.1838534586373193	2.1964414771786847	-0.8262209656943391	0.7584650231529736	-0.9448320760000001
200	1.1859827451477187	2.199637301771799	-0.82514159297271	0.7653574093486297	-0.9538703730000001
201	1.1881261684169155	2.2028625560991912	-0.8240649160033181	0.7722775763210423	-0.962949048
202	1.1902839895827038	2.2061173535001894	-0.822990917205114	0.7792256202876282	-0.972068067
203	1.1924543223082829	2.2094018041274954	-0.8219195791231828	0.7861994873039703	-0.98122739
204	1.1946381285179077	2.2127160193455113	-0.8208508844280884	0.7931999686004849	-0.9904269750000002
205	1.1968362198844167	2.216060111736434	-0.8197848159146888	0.8002277030626714	-0.999666779
206	1.1990475301713013	2.2194341951064036	-0.8187213565009664	0.8072814515658642	-1.0089467600000002
207	1.2012724724497943	2.222838384491771	-0.817660489226872	0.8143614531848954	-1.0182668760000002
208	1.203510636489576	2.226272791712353	-0.8166021972537091	0.8214671200309325	-1.0276270780000003
209	1.2057630594865623	2.229737534262169	-0.8155464638629982	0.8285993130873917	-1.037027324
210	1.2080305437614869	2.233232730884375	-0.8144932724548262	0.8357586543319385	-1.0464675690000003
211	1.210310400465611	2.2367585015778624	-0.813442606546742	0.8429422744344904	-1.055947769
212	1.2126059518046546	2.240314963122795	-0.812394449773187	0.8501533134550472	-1.0654678750000004
213	1.2149142555468309	2.2439022380271307	-0.8113487858844091	0.8573886454041091	-1.0750278420000001
214	1.2172372641652747	2.247520445578988	-0.8103055987453883	0.8646500363316751	-1.0846276190000002
215	1.2195746500294555	2.2511697063189224	-0.8092648723352968	0.8719369710458298	-1.094267155
216	1.2219252306746726	2.2548501420463736	-0.8082265907464398	0.8792480793747389	-1.1039464
217	1.2242911693772842	2.25856187582618	-0.8071907381832144	0.8865853367343189	-1.113665305
218	1.2266713496109367	2.2623050319951936	-0.8061572989610761	0.8939474315768194	-1.1234238150000002
219	1.2290662414071074	2.266079736168969	-0.8051262575055187	0.9013346397436577	-1.1332218770000002
220	1.2314760443966324	2.2698861197888496	-0.8040975983505505	0.9087469699583335	-1.1430594470000002
221	1.2338997461912318	2.27372430652435	-0.8030713061382149	0.9161832108050966	-1.152936465
222	1.23633757216886	2.277594421312706	-0.8020473656186261	0.9236433894747803	-1.1628528730000003
223	1.2387925107252082	2.2814965949287966	-0.8010257616484724	0.9311302934448837	-1.172808616
224	1.2412620001717296	2.2854309640320145	-0.8000064791890265	0.9386411623287416	-1.182803647
225	1.243746099554331	2.289397657476266	-0.7989895033057043	0.9461758513837695	-1.192837906
226	1.2462451680496027	2.29339680541052	-0.7979748191681356	0.953734515807218	-1.202911334
227	1.248758919565193	2.2974285392855753	-0.7969624120492187	0.9613166623288364	-1.2130238700000002
228	1.2512877746806053	2.3014929918609184	-0.795952267324188	0.9689225021438749	-1.2231754520000002
229	1.253830843195302	2.3055902972116575	-0.7949443704696889	0.9765509364533335	-1.2333660200000003
230	1.2563892477088698	2.309720586115608	-0.7939387070633668	0.9842028746566287	-1.2435955060000001
231	1.2589633046319413	2.3138839952743084	-0.7929352627829601	0.9918784201405935	-1.2538638480000002
232	1.2615532469337052	2.318080662725876	-0.7919340234048994	0.9995775916127285	-1.2641709840000002
233	1.2641590692266504	2.3223107278522916	-0.7909349748034245	1.0073001681777833	-1.274516852
234	1.2667799694504915	2.3265743313867784	-0.789938102949711	1.0150451290134244	-1.2849013880000002
235	1.269417351793844	2.3308716107590284	-0.7889433939115026	1.0228136589463188	-1.2953245240000002
236	1.272071220792894	2.3352027094002623	-0.7879508338522506	1.0306055412448827	-1.3057861960000003
237	1.2747407388253942	2.339567772115214	-0.786960409029769	1.0384197157399495	-1.3162863400000004
238	1.27742503424314	2.343966935713006	-0.7859721057963853	1.0462550843265195	-1.3268248800000002
239	1.2801265069429661	2.348400343016219	-0.7849859105985956	1.0541138195253426	-1.337401745
240	1.282844405957862	2.352868142913108	-0.7840018099752483	1.0619949450200021	-1.3480168719999999
241	1.285577461842844	2.3573704762652334	-0.7830197905572209	1.069896959134831	-1.3586701829999996
242	1.2883271540505026	2.3619074899957715	-0.7820398390670984	1.0778211091218293	-1.3693616059999998
243	1.2910949219821874	2.3664793324095688	-0.7810619423178788	1.0857686008904972	-1.380091069
244	1.2938772913681276	2.371086153200723	-0.7800860872121801	1.0937357253795843	-1.3908584999999998
245	1.2966771322880495	2.3757280987083162	-0.7791122607419421	1.101725113321675	-1.4016638189999997
246	1.2994933836407734	2.3804053166377197	-0.7781404499881316	1.1097354659911849	-1.4125069489999995
247	1.3023248619818046	2.3851179560677385	-0.7771706421199656	1.1177653580340312	-1.4233878099999995
248	1.3051743754545844	2.3898661674578454	-0.7762028243941417	1.1258173553908801	-1.4343063229999995
249	1.3080396974488115	2.3946501026554903	-0.7752369841540779	1.1338889849473988	-1.4452624059999994
250	1.3109223709391837	2.399469910104073	-0.7742731088296431	1.1419815446647539	-1.4562559749999997
251	1.313823676410918	2.404325749228314	-0.7733111859359256	1.150096067118529	-1.4672869539999993
252	1.3167415977491468	2.4092177760841085	-0.7723512030720193	1.1582302867370569	-1.4783552619999993
253	1.3196764167692372	2.4141461433166547	-0.7713931479212565	1.166384234373838	-1.489460812999999
254	1.3226280558757069	2.4191110049562927	-0.7704370082509593	1.1745575781703723	-1.500603518999999
255	1.325597172124206	2.4241125164255988	-0.7694827719117203	1.1827507186103268	-1.5117832909999993
256	1.3285837699354128	2.4291508345465633	-0.7685304268366864	1.190963404225535	-1.5230000419999992
257	1.331588219082082	2.434226117547854	-0.7675799610408519	1.1991957455750795	-1.5342536829999995
258	1.3346105332527451	2.4393385250721455	-0.7666313626203618	1.207447495800961	-1.5455441249999997
259	1.3376515661562502	2.444488218183553	-0.7656846197518169	1.2157192467245133	-1.5568712789999994
260	1.3407069586614861	2.4496753544753154	-0.7647397206920646	1.2240063748782353	-1.5682350499999997
261	1.3437811882993422	2.454900088024172	-0.7637966537784575	1.2323130870536274	-1.5796353329999997
262	1.3468745155765196	2.4601625841061145	-0.7628554074277025	1.240639377898107	-1.5910720389999995
263	1.3499847964630391	2.465463004516332	-0.7619159701347176	1.248982833081424	-1.6025450709999993
264	1.3531136048255008	2.47080151246478	-0.7609783304724425	1.2573447548331627	-1.6140543319999998
265	1.3562597121514324	2.4761782676305084	-0.7600424770916479	1.2657236416125714	-1.6255997199999996
266	1.3594247748046417	2.4815934360411043	-0.7591083987202814	1.2741208734838185	-1.6371811359999995
267	1.3626074213543353	2.487047180185586	-0.7581760841628203	1.2825348003315693	-1.6487984749999993
268	1.3658095553744527	2.4925396689370087	-0.7572455222996304	1.290967045737074	-1.6604516369999995
269	1.3690302288966985	2.4980710676221953	-0.7563167020863317	1.2994163813608344	-1.6721405179999995
270	1.372268342187158	2.5036415429803607	-0.7553896125536358	1.3078814237604326	-1.6838650119999994
271	1.3755255349331872	2.5092512581509987	-0.7544642428071817	1.3163635265893694	-1.6956250069999994
272	1.3788014254221177	2.5149003826838854	-0.7535405820269141	1.3248620227651462	-1.7074203979999996
273	1.3820955524125131	2.5205890825198027	-0.7526186194664685	1.3333761633591779	-1.7192510739999993
274	1.3854094452791705	2.526317524992475	-0.7516983444530199	1.3419071857397147	-1.7311169209999995
275	1.388742439634821	2.5320858838995313	-0.7507797463862182	1.3504541331215074	-1.7430178309999993
276	1.3920948956778714	2.5378943294154057	-0.7498628147375919	1.3590170730000568	-1.7549536919999993
277	1.3954670439020043	2.5437430331271376	-0.7489475390504136	1.3675959398252795	-1.7669243899999993
278	1.3988576873855463	2.549632168040901	-0.7480339089391135	1.376189239283758	-1.7789298109999994
279	1.402267489713748	2.5555618983654447	-0.7471219140896079	1.3847973334379104	-1.7909698279999993
280	1.4056978701113758	2.561532399891605	-0.746211544258716	1.3934213404784865	-1.8030443259999993
281	1.4091465464391066	2.5675438447128305	-0.745302789273128	1.402058674999403	-1.8151531839999993
282	1.4126161995766429	2.5735964063181886	-0.7443956390292898	1.4107117132877434	-1.827296280999999
283	1.4161048138848291	2.5796902595984093	-0.7434900834928388	1.419378129779258	-1.8394734919999993
284	1.4196128719439947	2.585825575679875	-0.7425861126984955	1.4280580989626144	-1.8516846899999995
285	1.4231429594498344	2.592002532237027	-0.7416837167495047	1.4367538959623116	-1.863929751999999
286	1.4266926862267573	2.598221308363958	-0.740782885816635	1.4454628176794335	-1.8762085539999993
287	1.4302628913130064	2.604482079371276	-0.7398836101380855	1.4541853880798143	-1.8885209659999989
288	1.4338525775636835	2.6107850219505373	-0.7389858800193926	1.462920292632538	-1.9008668569999991
289	1.4374634810854416	2.617130308945094	-0.7380896858333417	1.4716689509736882	-1.913246092999999
290	1.4410938938207456	2.6235181197859077	-0.737195018019427	1.4804293350542639	-1.9256585429999988
291	1.4447456239413259	2.629948630040883	-0.7363018670833242	1.4892029279837657	-1.938104066999999
292	1.4484171678550442	2.636422016628239	-0.7354102235968073	1.4979879028236116	-1.950582527999999
293	1.4521094733234288	2.6429384578214354	-0.7345200781972254	1.5067848826992178	-1.963093788999999
294	1.455823160887907	2.64949813325414	-0.7336314215869857	1.5155941592207516	-1.975637709999999
295	1.459557254804818	2.656101218612586	-0.7327442445334821	1.5244144277257137	-1.9882141469999994
296	1.4633119463142599	2.6627478962251567	-0.7318585378685847	1.5332455479576865	-2.000822959999999
297	1.4670892117760506	2.669438339116453	-0.7309742924885749	1.5420891621481716	-2.0134639969999992
298	1.4708866549621615	2.6761727322871334	-0.730091499353642	1.550942540028669	-2.026137117999999
299	1.474704556522192	2.6829512513893117	-0.7292101494873828	1.5598056256202621	-2.038842170999999
300	1.478544471862997	2.6897740787335427	-0.7283302339767486	1.5686796351062018	-2.051579007999999
301	1.4824056644009538	2.696641392574433	-0.7274517439715513	1.577563490798071	-2.064347474999999
302	1.486286993554589	2.7035533670450707	-0.7265746706848537	1.5864557101943708	-2.0771474129999987
303	1.4901906006156986	2.7105101829330747	-0.7256990053924794	1.5953580900751025	-2.089978666999999
304	1.4941167189839062	2.7175120223187337	-0.7248247394320922	1.6042705200972645	-2.1028410839999996
305	1.4980653690972066	2.7245590685786514	-0.72395186420272	1.613192673721275	-2.1157345089999997
306	1.5020339947574963	2.7316515009256648	-0.7230803711647195	1.6221216429965502	-2.1286587779999993
307	1.506026326080394	2.738789499818294	-0.7222102518397417	1.6310608071018413	-2.1416137289999995
308	1.5100399214414537	2.7459732469635685	-0.7213414978102645	1.640007372288149	-2.1545991999999994
309	1.514076621501295	2.753202925319865	-0.7204741007191275	1.6489628249005563	-2.167615027999999
310	1.5181367933067542	2.760478713578365	-0.719608052269509	1.6579271769978983	-2.1806610449999995
311	1.5222177546023037	2.767800797163929	-0.7187433442244667	1.6668973876628401	-2.1937370859999987
312	1.5263215917571848	2.7751693516593012	-0.7178799684069181	1.6758751845048008	-2.206842975999999
313	1.5304470759860465	2.7825845593548015	-0.7170179166996195	1.6848589763308632	-2.219978542999999
314	1.5345963402869858	2.79004659816384	-0.7161571810447165	1.693850533167861	-2.233143609999999
315	1.538768405925559	2.797555652740061	-0.7152977534432987	1.7028485136287959	-2.2463380069999994
316	1.542963296341922	2.8051119033335477	-0.7144396259549595	1.7118525749633329	-2.259561555999999
317	1.5471803777013107	2.812715525715967	-0.7135827906982153	1.7208617136835582	-2.272814070999999
318	1.5514229824991115	2.8203667023866252	-0.7127272398500692	1.7298788949625543	-2.286095374999999
319	1.5556869686287502	2.8280656169939093	-0.7118729656451488	1.7388996062799886	-2.299405288999999
320	1.5599742770541654	2.8358124486643432	-0.7110199603757072	1.7479254157655286	-2.3127436269999992
321	1.5642855464363428	2.843607371924885	-0.7101682163920502	1.7569565869035075	-2.3261101959999997
322	1.5686211182152787	2.851450568030459	-0.7093177261021075	1.765993087286927	-2.3395048109999994
323	1.572979767879394	2.8593422193237785	-0.7084684819705879	1.775033314526203	-2.3529272839999997
324	1.577362044989849	2.867282503500499	-0.7076204765189866	1.7840774390083367	-2.3663774209999997
325	1.5817682567155513	2.87527159927957	-0.7067737023255959	1.7931253877615771	-2.3798550279999997
326	1.5861974223497133	2.883309686402375	-0.70592815202509	1.8021757969724275	-2.3933599089999995
327	1.5906500981648475	2.8913969340654235	-0.7050838183089626	1.8112288404083863	-2.406891858
328	1.595126599036767	2.8995335239530102	-0.7042406939251147	1.8202844480088713	-2.4204506790000004
329	1.5996277445965839	2.907719632952144	-0.7033987716770278	1.8293430533214676	-2.43403617
330	1.6041523713404042	2.9159554330684343	-0.7025580444242048	1.8384031066961748	-2.447648124
331	1.608702550886231	2.9242410971893413	-0.7017185050821874	1.8474662907790773	-2.4612863320000002
332	1.613275313137975	2.9325768049467875	-0.7008801466217379	1.856529245812925	-2.474950591
333	1.6178728996665956	2.9409627251518238	-0.7000429620688636	1.8655938195836355	-2.488640683
334	1.6224959045162155	2.949399033319848	-0.6992069445048421	1.8746602157012093	-2.5023564
335	1.6271428929019471	2.957885905836047	-0.698372087065413	1.8837266031313136	-2.5160975290000005
336	1.631816424054584	2.966423514019028	-0.69753838294081	1.8927951469763666	-2.5298638540000002
337	1.63651331435333	2.9750120359318415	-0.6967058253753782	1.901862266796867	-2.5436551630000004
338	1.6412345474736676	2.983651632594124	-0.6958744076680232	1.910928547547568	-2.557471225000001
339	1.6459819472684685	2.9923424776411642	-0.6950441231722465	1.9199954137995516	-2.5713118210000006
340	1.6507542896032072	3.0010847394863207	-0.6942149652953489	1.9290612424122358	-2.5851767270000003
341	1.6555505968062287	3.0098785872480787	-0.6933869274984704	1.9381246520566207	-2.5990657150000005
342	1.6603730175317017	3.018724190744628	-0.692560003296217	1.947187390083291	-2.6129785600000006
343	1.6652206570595212	3.027621714432729	-0.6917341862567041	1.9562481568834977	-2.626915028000001
344	1.6700940737136376	3.0365713233854135	-0.6909094700015993	1.9653071093298247	-2.640874889000001
345	1.6749916528848856	3.0455731771937806	-0.6900858482061656	1.9743622248972714	-2.654857901000001
346	1.6799157933590458	3.054627442088269	-0.6892633145988949	1.9834154958696728	-2.6688638300000007
347	1.6848655311726497	3.063734284894855	-0.6884418629607345	1.9924655492385301	-2.682892440000001
348	1.6898413099815235	3.072893860735813	-0.687621487125548	2.00151242037126	-2.696943484000001
349	1.6948436676727616	3.0821063374954076	-0.6868021809797584	2.010556238157114	-2.711016727000001
350	1.6998712546649957	3.0913718712651463	-0.6859839384619906	2.01959524186184	-2.7251119200000007
351	1.704924799554938	3.100690618552284	-0.6851667535635373	2.028629747566192	-2.7392288130000004
352	1.7100041637769001	3.110062736270569	-0.6843506203280032	2.0376592048343345	-2.7533671570000005
353	1.7151107694013072	3.1194883817309105	-0.6835355328509561	2.046684621521354	-2.7675267010000004
354	1.7202416014567024	3.1289677126319475	-0.6827214852795782	2.0557025691043336	-2.7817071950000005
355	1.725398786677021	3.138500874495717	-0.6819084718131347	2.06471475899444	-2.795908375000001
356	1.7305846114693204	3.148088019354429	-0.6810964867030342	2.073723062817926	-2.810129984000001
357	1.7357948071956897	3.1577292995199766	-0.6802855242520773	2.082722795927791	-2.824371764000001
358	1.7410344276663965	3.167424861237801	-0.6794755788145226	2.091718596243119	-2.8386334510000006
359	1.7462991427117154	3.1771748572871368	-0.6786666447957472	2.100705715220327	-2.8529147850000007
360	1.7515896938501263	3.186979427944609	-0.6778587166523156	2.109684476557833	-2.8672154940000003
361	1.7569060626346857	3.1968387135624163	-0.6770517888924509	2.11865444496472	-2.881535307
362	1.7622493769809155	3.206752854554872	-0.6762458560756972	2.1276163275017406	-2.8958739489999994
363	1.767619511745806	3.2167219913848317	-0.6754409128125861	2.1365695801735596	-2.9102311469999997
364	1.773018031007044	3.2267462645500027	-0.6746369537643067	2.145515346221348	-2.9246066259999997
365	1.7784448176395324	3.236825814569139	-0.673833973642377	2.1544530897127707	-2.9390001129999996
366	1.7838969774486495	3.2469607754737924	-0.6730319672087209	2.1633794951835785	-2.9534113260000003
367	1.7893783620602188	3.257151281206275	-0.6722309292757447	2.172297993129688	-2.9678399829999997
368	1.794886365943055	3.267397465604383	-0.6714308547060135	2.181205555044686	-2.9822858
369	1.8004198106753684	3.2776994558302097	-0.6706317384123296	2.1901005832574882	-2.99674849
370	1.8059808756077045	3.2880573722502353	-0.6698335753582103	2.1989848357156787	-3.0112277569999994
371	1.8115700576722498	3.298471341508308	-0.6690363605575661	2.2078583877215077	-3.0257233109999992
372	1.8171859721935881	3.3089414899948437	-0.6682400890739832	2.2167194312727267	-3.040234859999999
373	1.8228310785254802	3.3194679371904505	-0.6674447560208076	2.2255700033558363	-3.054762105999999
374	1.8285044539514002	3.3300508088631426	-0.666650356560831	2.2344087586490877	-3.069304756999999
375	1.8342034077266058	3.340690217111752	-0.6658568859063784	2.2432325865212315	-3.0838625099999994
376	1.8399327119803677	3.3513862735393043	-0.6650643393197885	2.252045837760851	-3.0984350599999995
377	1.845687989289094	3.3621390959578528	-0.6642727121127062	2.2608437104439476	-3.1130221049999998
378	1.8514704608933417	3.3729487882384914	-0.6634819996461714	2.269627006301021	-3.1276233339999995
379	1.8572801979762716	3.383815453609464	-0.6626921973311006	2.278395376697907	-3.142238434999999
380	1.8631175256259507	3.394739194634739	-0.6619033006279785	2.287148724619189	-3.156867092999999
381	1.8689832109409883	3.405720113192422	-0.6611153050465517	2.2958873977951164	-3.171508994999999
382	1.87487805169609	3.416758310453006	-0.6603282061455251	2.3046117723886086	-3.1861638249999995
383	1.880801928655555	3.4278538868574846	-0.6595419995322617	2.313321311330332	-3.2008312699999992
384	1.8867523623789575	3.4390069352168795	-0.6587566808628769	2.3220131150249537	-3.215511006999999
385	1.8927333753842812	3.450217547477971	-0.6579722458423318	2.330690787748641	-3.2302027139999994
386	1.8987416184972816	3.4614858146997713	-0.6571886902241365	2.339350561021646	-3.244906066999999
387	1.9047800903365202	3.4728118270298567	-0.6564060098100553	2.347995017116718	-3.2596207439999993
388	1.9108471387412096	3.48419566671172	-0.6556242004502031	2.356622087479692	-3.2743464149999997
389	1.9169411136139143	3.4956374149372422	-0.6548432580431446	2.3652297047198174	-3.2890827480000002
390	1.923064565092881	3.507137144806694	-0.6540631785359918	2.373820003822179	-3.303829405
391	1.9292163310281123	3.5186949352624466	-0.653283957924111	2.382391407689777	-3.3185860540000003
392	1.9353952149778517	3.5303108499960443	-0.6525055922512215	2.3909423082330292	-3.3333523510000007
393	1.9416030567249338	3.541984958440411	-0.651728077609496	2.39947413189402	-3.348127956000001
394	1.9478391750125073	3.5537173287518065	-0.6509514101388812	2.407985784399582	-3.3629125280000003
395	1.95410391458939	3.5655080135196777	-0.6501755860275887	2.4164772030973007	-3.3777057160000004
396	1.9603973572204936	3.5773570709659297	-0.6494006015121951	2.4249480597667588	-3.392507172
397	1.966720560255971	3.5892645650347603	-0.6486264528765812	2.4333990030977914	-3.4073165549999995
398	1.973073402305059	3.6012305438755323	-0.6478531364520375	2.441829502881564	-3.422133508
399	1.9794551573586299	3.613255061253421	-0.6470806486173707	2.4502384277225797	-3.436957683
400	1.985864182092644	3.625338162138346	-0.6463089857986227	2.4586237307529206	-3.4517887250000006
401	1.9923017583420357	3.637479875277895	-0.6455381444699483	2.466986292534089	-3.4666262650000004
402	1.9987677497858032	3.6496802421198833	-0.6447681211533314	2.4753255768192512	-3.481469948
403	2.0052640442977	3.6619392950528793	-0.6439989124179206	2.483643071662741	-3.49631941
404	2.011787431864281	3.674257064599944	-0.6432305148801366	2.491935167144474	-3.511174285
405	2.018340493531843	3.6866335793860374	-0.6424629252033964	2.5002040463492023	-3.5260342070000004
406	2.0249223301342125	3.6990688587067573	-0.6416961400982206	2.5084484165256766	-3.5408988050000003
407	2.0315314124296933	3.711562919793222	-0.6409301563223435	2.5166663569588152	-3.5557677080000003
408	2.038171472718884	3.7241157777777874	-0.6401649706804369	2.5248612086215343	-3.570640543
409	2.0448397315978744	3.736727445659628	-0.6394005800238378	2.5330298019620843	-3.5855169360000003
410	2.051537828909903	3.749397926770934	-0.63863698125066	2.54117339138963	-3.600396508
411	2.058263024106483	3.762127222138711	-0.6378741713059032	2.5492888502736752	-3.6152788769999997
412	2.065017901930122	3.7749153304486667	-0.637112147181182	2.5573783816626374	-3.6301636630000003
413	2.0718026352428804	3.7877622480089066	-0.6363509059144572	2.5654417781484318	-3.6450504850000005
414	2.0786157185272858	3.800667968713495	-0.6355904445897678	2.5734771534035596	-3.6599389590000007
415	2.0854569873926496	3.8136324687505216	-0.6348307603377246	2.5814839689798528	-3.6748286900000005
416	2.092326003092025	3.826655729264416	-0.6340718503356214	2.589461411163231	-3.689719287
417	2.0992265803442045	3.8397377287683816	-0.6333137118067879	2.5974129233826115	-3.70461036
418	2.1061550103593656	3.8528784431061136	-0.6325563420203246	2.605334428273576	-3.719501519
419	2.113111913230491	3.866077837680835	-0.6317997382912187	2.613226179840875	-3.7343923660000007
420	2.120097556815803	3.879335875042419	-0.6310438979804587	2.621088080753843	-3.749282501
421	2.1271112210947636	3.8926525148474695	-0.6302888184947696	2.628919050742064	-3.7641715260000006
422	2.1341543026513845	3.9060277060068263	-0.6295344972867292	2.636720129931288	-3.7790590360000005
423	2.1412275791427957	3.9194614021888707	-0.6287809318545052	2.644491738808432	-3.7939446300000013
424	2.148329486497343	3.932953554047399	-0.6280281197412181	2.652231960191163	-3.808827908000001
425	2.155460740874158	3.9465041012877364	-0.6272760585350601	2.6599411611214823	-3.823708463000001
426	2.162619476583037	3.9601129724892714	-0.6265247458697886	2.6676171299635554	-3.8385858800000014
427	2.169807737302879	3.9737801008219624	-0.6257741794244651	2.6752615689053822	-3.853459753000001
428	2.1770220836063596	3.9875054081903447	-0.6250243569231974	2.6828706973392134	-3.8683296650000014
429	2.18426872743475	4.001288813055707	-0.6242752761352559	2.6904503905143	-3.883195200000001
430	2.1915420124792915	4.015130238423261	-0.6235269348744419	2.697994655930474	-3.8980559470000014
431	2.1988426866434323	4.029029587762988	-0.6227793309992072	2.705503911879653	-3.9129114820000015
432	2.2061747095776347	4.042986768945487	-0.622032462412772	2.7129817920449217	-3.9277613890000023
433	2.213534765045224	4.057001686223528	-0.6212863270624971	2.720424653884195	-3.942605248000002
434	2.2209229393789998	4.071074232045612	-0.6205409229400028	2.727832265273392	-3.957442635000002
435	2.228339655520391	4.085204295040671	-0.6197962480812897	2.735204733561011	-3.972273125000002
436	2.2357851053232003	4.099391759972801	-0.6190523005664841	2.7425419379168856	-3.9870962920000026
437	2.2432577705005796	4.113636507695902	-0.6183090785195856	2.7498420513242663	-4.001911710000003
438	2.250757409070542	4.127938406851981	-0.6175665801085877	2.7571045263271516	-4.016718944000003
439	2.258285155643274	4.14229731368128	-0.616824803545966	2.7643302005079615	-4.0315175550000015
440	2.2658408880574266	4.156713096772039	-0.6160837470880542	2.771518653373443	-4.046307115000001
441	2.273426457475346	4.171185612275256	-0.6153434090344219	2.7786714452345134	-4.061087191000001
442	2.2810368089278983	4.185714712084723	-0.6146037877279965	2.7857832305711745	-4.075857346000002
443	2.288678121023122	4.2003002353891326	-0.6138648815551827	2.792859907189175	-4.090617140000003
444	2.2963440904085948	4.214942025338447	-0.6131266889456132	2.799894890015763	-4.1053661360000016
445	2.3040390596838005	4.229639912224176	-0.6123892083718991	2.8068922458315244	-4.120103890000001
446	2.3117613257200844	4.244393721773213	-0.6116524383497504	2.8138500022966237	-4.134829960000002
447	2.3195131376671023	4.259203283618399	-0.61091637743736	2.8207701384860635	-4.149543907000001
448	2.327290962028357	4.274068414302675	-0.6101810242351574	2.827648858960841	-4.164245287000002
449	2.3350949072911744	4.288988917082016	-0.6094463773862985	2.834486015595458	-4.178933648000002
450	2.3429283700465966	4.303964598943271	-0.6087124355764177	2.841284751679745	-4.193608545000002
451	2.350787939559617	4.318995262067514	-0.6079791975330155	2.8480414090251207	-4.208269534000002
452	2.358674221024171	4.3340806951132524	-0.6072466620255798	2.8547563499365003	-4.2229161620000015
453	2.3665869349723954	4.349220681714887	-0.6065148278657071	2.8614290551232173	-4.237547974000002
454	2.3745268880058115	4.364415000433398	-0.6057836939068568	2.8680601004792723	-4.252164519000002
455	2.3824909681632382	4.3796634247071	-0.6050532590441062	2.8746461445002467	-4.266765342000002
456	2.3904825832208	4.394965714012097	-0.6043235222142701	2.881190373422975	-4.281349982000002
457	2.3985008359395685	4.410321631300855	-0.603594482395656	2.8876916710343723	-4.295917984000003
458	2.40654430683416	4.425730934255013	-0.6028661386074561	2.8941484051866055	-4.310468894000002
459	2.4146150330664664	4.441193366353579	-0.6021384899098682	2.9005624066227575	-4.325002250000002
460	2.422710834051456	4.456708674495652	-0.6014115354038537	2.90693129095966	-4.339517596000002
461	2.4308337312905346	4.472276591217034	-0.600685274230895	2.9132568833043972	-4.354014469000002
462	2.4389819048430557	4.487896852436844	-0.5999597055727547	2.9195371709789684	-4.368492413000002
463	2.447155743164833	4.503569179550196	-0.5992348286512341	2.925772356265873	-4.382950964000002
464	2.455356465188679	4.5192932882606165	-0.5985106427282965	2.9319634786563604	-4.397389659000002
465	2.4635820264079094	4.535068897601029	-0.5977871471054629	2.9381083159123453	-4.411808040000002
466	2.4718333823530863	4.550895711839084	-0.5970643411235751	2.9442076536375787	-4.426205642000001
467	2.4801082735665565	4.566773420269442	-0.5963422241632781	2.950259071460394	-4.440581994000001
468	2.4884080828435593	4.582701715336218	-0.5956207956447797	2.9562637951521222	-4.454936632000001
469	2.4967315231106344	4.598680283545869	-0.5949000550272486	2.962220385592014	-4.469269091000001
470	2.5050805594027103	4.614708796188663	-0.5941800018089376	2.968130664022986	-4.483578899000001
471	2.513454521568679	4.630786927652505	-0.5934606355269422	2.9739938184431183	-4.497865589000002
472	2.5218535071721204	4.646914346241398	-0.5927419557566042	2.979809811687329	-4.512128695000002
473	2.5302774112596405	4.6630907141273	-0.5920239621112746	2.9855784102436163	-4.526367751000001
474	2.538723935941902	4.679315677943195	-0.5913066542424363	2.9912971952411453	-4.540582283000002
475	2.547193145321863	4.695588887354999	-0.5905900318394668	2.996966114806332	-4.554771825000001
476	2.5556871340381377	4.7119099763286965	-0.589874094629401	3.0025871553388446	-4.568935903000002
477	2.5642057575133625	4.728278581832545	-0.589158842376695	3.0081600690575137	-4.583074051000001
478	2.5727446423817346	4.744694334464283	-0.5884442748826333	3.0136803838000876	-4.597185801000003
479	2.5813074781662673	4.761156839359096	-0.5877303919858086	3.0191517037929834	-4.611270673000003
480	2.589892469012222	4.777665714034326	-0.5870171935618839	3.0245721455397834	-4.6253281970000035
481	2.5985014041955345	4.794220559907636	-0.5863046795230008	3.0299434248109036	-4.639357901000004
482	2.607131752500181	4.8108209813284715	-0.5855928498175447	3.035262936989258	-4.653359316000004
483	2.615785283922764	4.827466566388248	-0.5848817044299107	3.0405323879644306	-4.667331966000003
484	2.624460153363942	4.844156906084879	-0.5841712433802706	3.045749873659337	-4.681275383000004
485	2.633156125592971	4.860891575000838	-0.5834614667243393	3.0509151103164753	-4.695189093000002
486	2.6418748438661996	4.877670140845855	-0.5827523745534957	3.056029698573845	-4.709072621000004
487	2.6506159555128512	4.894492174201273	-0.5820439669941952	3.061093246305778	-4.722925498000004
488	2.6593773975624293	4.911357238821709	-0.5813362442073832	3.066103658948107	-4.736747256000004
489	2.668159168608933	4.928264881734807	-0.5806292063886183	3.0710609132627478	-4.750537420000003
490	2.6769621528432532	4.945214652809649	-0.579922853767841	3.0759658748014487	-4.764295521000004
491	2.6857864974951564	4.962206085034428	-0.5792171866091421	3.080818682069874	-4.778021083000003
492	2.6946296542412655	4.979238714220942	-0.5785122052105315	3.0856167812308577	-4.791713636000003
493	2.7034947309916033	4.996312069140565	-0.577807909903355	3.0903632817543962	-4.805372710000003
494	2.712378568240651	5.01342567148298	-0.5771043010520664	3.0950550358097404	-4.818997838000003
495	2.721278746702496	5.030579025753876	-0.5764013790543496	3.099689645002972	-4.832588545000003
496	2.730199598720997	5.047771629157901	-0.575699144341239	3.104271469904338	-4.8461443560000035
497	2.739141509252657	5.065002991818758	-0.5749975973761868	3.1088009228100892	-4.859664808000003
498	2.748100401689465	5.08227260659123	-0.5742967386544846	3.1132739657527226	-4.8731494320000035
499	2.7570776452830446	5.099579959048865	-0.5735965687033874	3.117692014937571	-4.8865977600000035
500	2.766074740143159	5.116924527445666	-0.5728970880818867	3.1220566247793835	-4.9000093240000036
501	2.7750890132007564	5.134305782678334	-0.5721982973804824	3.1263651839029087	-4.913383656000004
502	2.7841200245526485	5.151723198552865	-0.571500197220607	3.130617317220393	-4.9267202940000026
503	2.7931698730545786	5.169176231245728	-0.5708027882544005	3.134815199063254	-4.9400187690000035
504	2.802235857846611	5.186664339840276	-0.5701060711644854	3.1389562091708236	-4.9532786200000025
505	2.811319067721267	5.204186965649747	-0.5694100466637418	3.143041528735264	-4.966499380000003
506	2.8204194850034607	5.221743563338289	-0.568714715494736	3.147071232159911	-4.979680595000003
507	2.8295359612918514	5.23933355932384	-0.5680200784294963	3.15104427839751	-4.992821798000002
508	2.8386684613116433	5.256956382934726	-0.5673261362696392	3.1549607426465602	-5.005922528000004
509	2.847814860220831	5.274611456004321	-0.5666328898457968	3.158818619062311	-5.018982325000003
510	2.856977885692519	5.292298192839325	-0.5659403400173956	3.162620762870594	-5.032000730000004
511	2.8661566799862435	5.310016010809096	-0.5652484876720882	3.1663664478492395	-5.044977291000004
512	2.8753490743046077	5.327764309181649	-0.5645573337255332	3.1700536448484953	-5.057911546000004
513	2.88455684283288	5.3455424902989455	-0.5638668791211752	3.173684275655113	-5.070803044000004
514	2.8937790254690468	5.36334994899956	-0.5631771248296801	3.177257535299172	-5.083651334000005
515	2.903015503777718	5.381186072590935	-0.5624880718487175	3.1807734670355052	-5.096455964000004
516	2.912265139671847	5.3990502408223175	-0.561799721202743	3.184231104052276	-5.1092164840000045
517	2.9215290119767747	5.416941825858407	-0.56111207394278	3.187631702061151	-5.121932442000004
518	2.9308048832781504	5.434860203123803	-0.5604251311458587	3.1909732053002102	-5.1346033940000035
519	2.940092340653334	5.452804729646353	-0.559738893914801	3.194255394921786	-5.147228890000004
520	2.9493935905144637	5.4707747657369294	-0.5590533633780053	3.197480677155543	-5.159808489000004
521	2.9587055554244026	5.488769664168814	-0.5583685406888871	3.2006461809444793	-5.172341749000004
522	2.968029764984582	5.506788770155577	-0.5576844270256675	3.2037536488546765	-5.184828227000004
523	2.9773670318285683	5.524831432379757	-0.5570010235908172	3.2068041110396335	-5.197267488000004
524	2.9867137394487795	5.542896980981366	-0.556318331610846	3.209794183078264	-5.209659093000004
525	2.996071481297534	5.560984749601645	-0.5556363523360912	3.212725693031984	-5.222002609000004
526	3.005441703114493	5.579094075545864	-0.5549550870398257	3.2156003226084597	-5.234297608000005
527	3.01482111421398	5.597224277558016	-0.5542745370180512	3.2184150316740188	-5.246543658000004
528	3.0242090292188264	5.615374666853216	-0.5535947035896306	3.221169394955245	-5.2587403290000045
529	3.033605291312714	5.633544547101578	-0.5529155880960794	3.2238635243072187	-5.2708871920000036
530	3.0430106330964426	5.651733225716773	-0.5522371919010175	3.2264984212806898	-5.282983822000003
531	3.0524261038688314	5.669940002684136	-0.5515595163896233	3.229075414574321	-5.295029797000002
532	3.0618509589464047	5.6881641819241375	-0.5508825629680918	3.2315940409903625	-5.307024701000003
533	3.0712832049475285	5.7064050486368165	-0.5502063330634311	3.2340526033741455	-5.318968114000002
534	3.080722231844419	5.724661903456345	-0.5495308281229229	3.236450783510999	-5.330859627000002
535	3.0901687599646985	5.742934016862366	-0.548856049613922	3.238789613716256	-5.342698821000002
536	3.099623202478	5.761220663372081	-0.5481819990239927	3.2410698231299153	-5.354485285000003
537	3.10908145849774	5.779521121715051	-0.5475086778600333	3.243287627642724	-5.366218613000002
538	3.1185476170216404	5.797834651817292	-0.5468360876480785	3.2454474498524304	-5.377898397000003
539	3.128021272048029	5.816160529508761	-0.5461642299327649	3.247549211472033	-5.389524239000002
540	3.137501001999703	5.834498023546891	-0.5454931062764652	3.249591826729279	-5.401095742000002
541	3.14698384896442	5.852846395612019	-0.5448227182590968	3.251572684611499	-5.412612513000002
542	3.15647230921771	5.871204888560949	-0.5441530674782638	3.2534946391350266	-5.424074151000001
543	3.16596255423548	5.889572749798772	-0.5434841555490645	3.2553542249857745	-5.435480265000002
544	3.175459356805008	5.907949219644997	-0.5428159841035636	3.257156584263576	-5.446830463000002
545	3.1849582593842083	5.9263335431855495	-0.542148554790267	3.258897631988928	-5.458124361000001
546	3.194460298611844	5.944724958567534	-0.5414818692736	3.2605787863179114	-5.469361577000001
547	3.2039659174882775	5.963122697000226	-0.5408159292337206	3.2622008797217745	-5.480541730000002
548	3.2134725406072757	5.9815259947203465	-0.5401507363659999	3.2637617282529328	-5.491664446000003
549	3.2229814234434677	5.9999340691792575	-0.5394862923808383	3.2652629926450505	-5.502729346000002
550	3.2324952935517928	6.018346154973068	-0.5388225990031483	3.2667078015818767	-5.513736064000003
551	3.2420067479076566	6.036761480069265	-0.5381596579715116	3.2680891618099066	-5.524684236000003
552	3.251520624842489	6.055179253701767	-0.5374974710383305	3.2694123361790557	-5.535573494000004
553	3.261034366293936	6.073598702635268	-0.5368360399693188	3.27067518662799	-5.546403483000004
554	3.270549122392638	6.092019034989428	-0.5361753665429947	3.271879297946208	-5.557173844000004
555	3.2800637389324194	6.110439464504889	-0.5355154525505038	3.273023951978039	-5.567884225000004
556	3.2895770458925364	6.128859198479507	-0.5348562997951168	3.2741084202081496	-5.578534273000003
557	3.2990903634115964	6.14727745007354	-0.5341979100917268	3.2751344694297875	-5.5891236460000036
558	3.3086009485857053	6.165693413842269	-0.533540285266679	3.2760998160101176	-5.599651996000003
559	3.3181101701271603	6.18410629030038	-0.5328834271576008	3.2770062889843854	-5.610118982000004
560	3.3276166413562285	6.202515286119798	-0.5322273376125761	3.27785296584901	-5.620524273000004
561	3.33711943179674	6.220919589443989	-0.5315720184899801	3.2786393908427343	-5.630867530000003
562	3.3466193788457783	6.23931839467595	-0.5309174716583133	3.2793668808281433	-5.641148425000003
563	3.35611616806509	6.257710902678577	-0.5302636989953841	3.280035600381901	-5.651366636000003
564	3.365610108744802	6.276096308423206	-0.5296107023878215	3.2806463457094206	-5.661521843000003
565	3.3751013325289696	6.294473813596196	-0.5289584837305915	3.2811997356633698	-5.671613733000004
566	3.3845864480653463	6.312842614175454	-0.5283070449265166	3.2816928758164114	-5.6816419970000025
567	3.3940670187642707	6.331201887786592	-0.5276563878864468	3.2821278388641284	-5.691606320000003
568	3.403539695987745	6.34955081893742	-0.5270065145291049	3.2825017885794336	-5.701506397000004
569	3.413007653152099	6.367888586486718	-0.5263574267806074	3.2828184144459924	-5.711341921000003
570	3.4224701062154557	6.386214376438559	-0.5257091265739878	3.283077449350888	-5.7211125930000035
571	3.431924520252557	6.40452738214851	-0.5250616158483999	3.2832768799524503	-5.7308181260000035
572	3.4413717607046594	6.422826778838376	-0.524414896548973	3.2834181044152593	-5.740458226000002
573	3.45081190156354	6.441111762083986	-0.5237689706263433	3.2835017221058984	-5.750032612000002
574	3.4602450170120793	6.459381509449405	-0.5231238400361904	3.2835283475988657	-5.7595410000000005
575	3.4696682735174456	6.477635219195562	-0.5224795067387749	3.28349568206066	-5.7689831210000015
576	3.479083235478898	6.495872058704173	-0.5218359726988011	3.283405844473527	-5.778358695000001
577	3.4884892495164417	6.5140912162524245	-0.5211932398852804	3.2832587291492996	-5.787667456000002
578	3.4978875984234783	6.532291875276337	-0.5205513102707531	3.2830561734178967	-5.796909140000002
579	3.5072736561911277	6.550473227499989	-0.5199101858308358	3.282794105521976	-5.8060834910000025
580	3.516649945761573	6.568634460008975	-0.5192698685437733	3.2824756092963736	-5.815190255000003
581	3.526015899978476	6.586774755279536	-0.5186303603903114	3.2821006860892528	-5.824229181000002
582	3.5353693133057407	6.604893291208535	-0.5179916633535706	3.281667703450779	-5.833200018000002
583	3.5447128654769386	6.62298926763677	-0.517353779418283	3.281179907258452	-5.842102530000002
584	3.55404314231731	6.641061866895896	-0.5167167105703538	3.280634463991768	-5.850936478000001
585	3.563360696460533	6.6591102669772	-0.5160804587970595	3.2800325142803937	-5.859701626000001
586	3.5726653716288794	6.67713366827335	-0.515445026086294	3.2793744794418274	-5.868397750000003
587	3.581957723483834	6.695131253801236	-0.5148104144261354	3.2786615081087347	-5.877024624000002
588	3.591236255898245	6.713102215907703	-0.5141766258047349	3.2778926957952788	-5.885582030000002
589	3.6005002743378576	6.73104574302154	-0.5135436622098866	3.2770679425262075	-5.894069749000003
590	3.609750807274012	6.748961046684445	-0.5129115256282883	3.2761888662178573	-5.902487580000002
591	3.6189850806612913	6.7668473078091775	-0.5122802180454361	3.2752533018975525	-5.910835311000001
592	3.6282048344622053	6.784703730634764	-0.5116497414455208	3.2742635882729654	-5.919112743000004
593	3.6374085612715463	6.802529515910153	-0.5110200978106954	3.2732188241720914	-5.927319681000003
594	3.6465974282044007	6.82032387457122	-0.5103912891206627	3.2721207807538444	-5.935455938000001
595	3.6557697861618186	6.838086014279279	-0.5097633173522655	3.2709684172348075	-5.943521328000002
596	3.6649247282386854	6.855815153169708	-0.509136184479082	3.269761434548063	-5.951515675000002
597	3.674061317740172	6.873510478824878	-0.5085098924716465	3.2684995243869435	-5.959438793000002
598	3.6831812703774123	6.891171203087577	-0.5078844432973586	3.267185021587197	-5.967290511000003
599	3.6922822910771007	6.908796548636156	-0.5072598389194566	3.265816244360405	-5.975070663000002
600	3.7013673933110764	6.926385735346467	-0.5066360812966202	3.264396830261233	-5.982779091000004
601	3.7104310240117435	6.943937994218398	-0.5060131723825799	3.262921840175929	-5.9904156380000035
602	3.7194767343275217	6.961452539744153	-0.505391114126038	3.2613954587094103	-5.997980150000004
603	3.7285022344137886	6.978928611646066	-0.5047699084702808	3.2598160152380062	-6.005472484000002
604	3.73750842446129	6.996365433287534	-0.5041495573527939	3.2581850445265523	-6.012892496000002
605	3.746494981370069	7.013762253620907	-0.5035300627048807	3.2565028444540443	-6.020240054000001
606	3.755460215818344	7.031118305388563	-0.5029114264512848	3.2547683588810665	-6.027515022000001
607	3.7644056558447456	7.0484328331826696	-0.5022936505101236	3.2529837481722006	-6.034717275
608	3.7733283312815455	7.065705093659058	-0.5016767367922058	3.251146668414694	-6.041846694
609	3.782229742376175	7.082934327417934	-0.5010606872009721	3.2492592611592137	-6.048903159000001
610	3.791108167801484	7.100119787272245	-0.5004455036324342	3.247320441161675	-6.055886557000001
611	3.7999650926703223	7.117260724225971	-0.4998311879748103	3.245332335419161	-6.062796779
612	3.808798195382284	7.134356416052805	-0.49921774210785386	3.243293247437336	-6.069633726000003
613	3.817608822247074	7.151406124770125	-0.4986051679024982	3.24120516437945	-6.076397299000002
614	3.826395893315251	7.168409125182225	-0.4979934672208081	3.2390676443538347	-6.083087409000001
615	3.835159565252054	7.1853646907204425	-0.49738264191562714	3.2368814834472395	-6.089703967
616	3.8438968445887616	7.2022721078884135	-0.496772693830228	3.2346443225305777	-6.096246892000001
617	3.8526109409764695	7.219130662033503	-0.4961636247979674	3.232360010740935	-6.102716107000002
618	3.8612982673295235	7.235939651859159	-0.49555543664194357	3.230025594112308	-6.109111542000001
619	3.8699607913095218	7.252698360622199	-0.49494813117496017	3.227643687862283	-6.115433126000001
620	3.8785990712983107	7.269406085083196	-0.4943417101994919	3.225215490414606	-6.1216807939999995
621	3.887210330524364	7.286062150287247	-0.49373617550674204	3.2227388537438597	-6.1278544980000005
622	3.8957950831859476	7.302665866120801	-0.4931315288763144	3.220214929941463	-6.133954184000001
623	3.9043520676034715	7.319216527184188	-0.49252777207679205	3.217643110496077	-6.1399797980000015
624	3.9128820409485128	7.335713471352914	-0.49192490686510815	3.2150247814607047	-6.145931304999999
625	3.921385750739125	7.352156021495618	-0.49132293498592083	3.2123613292294277	-6.151808664999999
626	3.929860188575751	7.3685435148226865	-0.4907218581715977	3.2096503789246613	-6.157611846999999
627	3.93830808129508	7.384875288319739	-0.4901216781418979	3.2068952941172393	-6.163340823
628	3.94672671275824	7.40115069358899	-0.4895223966036607	3.2040939887729105	-6.168995573
629	3.9551170312707846	7.417369082215939	-0.48892401525049534	3.20124804430534	-6.17457608
630	3.9634773282709643	7.433529820674743	-0.4883265357624758	3.198356380358696	-6.180082336999999
631	3.9718083060831386	7.449632260728882	-0.48772995980613604	3.1954203351603923	-6.18551433
632	3.9801091631219796	7.465675769170599	-0.4871342890344657	3.192439739985847	-6.190872057000001
633	3.988380974276857	7.481659728019862	-0.4865395250863138	3.189416294343309	-6.196155523000001
634	3.9966208998509503	7.4975835197261835	-0.4859456695860934	3.1863477837108607	-6.201364734000001
635	4.004831594779029	7.513446527205065	-0.4853527241437875	3.1832374937177526	-6.206499702
636	4.01301081227308	7.5292481639920465	-0.4847606903543628	3.180083790635399	-6.211560452000002
637	4.021158450894018	7.544987829324537	-0.4841695697974864	3.176887195366968	-6.2165470040000015
638	4.029273096976386	7.560664923140263	-0.4835793640378343	3.173646920873959	-6.221459383000003
639	4.037357015023354	7.576278846112839	-0.48299007462510424	3.1703658605356217	-6.226297617000003
640	4.045408754774542	7.591829045239233	-0.48240170309314717	3.167043164628458	-6.231061752000002
641	4.053428795199903	7.607314938267217	-0.4818142509596941	3.163679932892381	-6.235751825000001
642	4.061416168843357	7.6227359744006815	-0.48122771972638084	3.1602758001690585	-6.240367886000002
643	4.069369414159158	7.6380915888129834	-0.4806421108784793	3.1568299212246553	-6.244909985000002
644	4.077289702307995	7.6533812331395	-0.480057425884926	3.1533440720534225	-6.249378177000002
645	4.085175598980853	7.668604360326135	-0.4794736661980573	3.149817427852777	-6.253772523000003
646	4.093027699729499	7.683760440029049	-0.47889083325335013	3.1462511819538026	-6.258093089000002
647	4.100846554099344	7.698848943400013	-0.4783089284691654	3.1426464861684975	-6.262339947000002
648	4.108631052233418	7.713869343116924	-0.4777279532467848	3.13900283236328	-6.266513170000001
649	4.11637969507119	7.7288211288722035	-0.47714790897015913	3.135319312169148	-6.270612837000002
650	4.124094624497153	7.743703792064958	-0.47656879700565896	3.131598661437856	-6.2746390320000005
651	4.131774072898616	7.758516841347298	-0.47599061870183	3.1278396972531493	-6.278591847
652	4.1394190717049195	7.773259771707663	-0.4754133753894395	3.1240440433866965	-6.282471368000001
653	4.147027653504145	7.787932126655598	-0.47483706838094775	3.120210301229497	-6.286277706000002
654	4.154599908157258	7.802533405058186	-0.47426169897056036	3.116339155069634	-6.290010953
655	4.1621370714970976	7.8170631388988925	-0.4736872684345684	3.112432418032775	-6.293671217000002
656	4.169637476696087	7.831520877933207	-0.47311377803054006	3.1084889897934214	-6.297258613000002
